1.002802999999999969e+02 1.887999999999999956e-01
1.022086999999999932e+02 1.996999999999999886e-01
1.041372000000000071e+02 1.996999999999999886e-01
1.060657000000000068e+02 2.056999999999999940e-01
1.079941000000000031e+02 2.073000000000000120e-01
1.099226000000000028e+02 2.084999999999999909e-01
1.118511000000000024e+02 2.127999999999999892e-01
1.137794999999999987e+02 2.212000000000000077e-01
1.157079999999999984e+02 2.291999999999999871e-01
1.176364999999999981e+02 2.303000000000000047e-01
1.195648999999999944e+02 2.354999999999999871e-01
1.214933999999999941e+02 2.454000000000000070e-01
1.234218999999999937e+02 2.464000000000000079e-01
1.253503000000000043e+02 2.580999999999999961e-01
1.272788000000000039e+02 2.684000000000000274e-01
1.292073000000000036e+02 2.735000000000000209e-01
1.311357000000000141e+02 2.790000000000000258e-01
1.330641999999999996e+02 2.883000000000000007e-01
1.349927000000000135e+02 2.969999999999999862e-01
1.369210999999999956e+02 3.044000000000000039e-01
1.388496000000000095e+02 3.180999999999999939e-01
1.407780999999999949e+02 3.372999999999999887e-01
1.427065000000000055e+02 3.507000000000000117e-01
1.446349999999999909e+02 3.647000000000000242e-01
1.465635000000000048e+02 3.785000000000000031e-01
1.484918999999999869e+02 3.963999999999999746e-01
1.504204000000000008e+02 4.199999999999999845e-01
1.523488999999999862e+02 4.486999999999999877e-01
1.542772999999999968e+02 4.784999999999999809e-01
1.562058000000000106e+02 5.135999999999999455e-01
1.581342999999999961e+02 5.567999999999999616e-01
1.600627000000000066e+02 6.108999999999999986e-01
1.619911999999999921e+02 6.684999999999999831e-01
1.639196000000000026e+02 7.268999999999999906e-01
1.658480999999999881e+02 7.773999999999999799e-01
1.677766000000000020e+02 8.163000000000000256e-01
1.697050000000000125e+02 8.393000000000000460e-01
1.716334999999999980e+02 8.518999999999999906e-01
1.735620000000000118e+02 8.581999999999999629e-01
1.754903999999999940e+02 8.655000000000000471e-01
1.774189000000000078e+02 8.721999999999999753e-01
1.793473999999999933e+02 8.794999999999999485e-01
1.812758000000000038e+02 8.830999999999999961e-01
1.832042999999999893e+02 8.789000000000000146e-01
1.851328000000000031e+02 8.751999999999999780e-01
1.870612000000000137e+02 8.764999999999999458e-01
1.889896999999999991e+02 8.774999999999999467e-01
1.909182000000000130e+02 8.739000000000000101e-01
1.928465999999999951e+02 8.697000000000000286e-01
1.947751000000000090e+02 8.677000000000000268e-01
1.967035999999999945e+02 8.620999999999999774e-01
1.986320000000000050e+02 8.550999999999999712e-01
2.005604999999999905e+02 8.469999999999999751e-01
2.024890000000000043e+02 8.373000000000000442e-01
2.044173999999999864e+02 8.214000000000000190e-01
2.063459000000000003e+02 8.084999999999999964e-01
2.082744000000000142e+02 7.932000000000000162e-01
2.102027999999999963e+02 7.744999999999999662e-01
2.121313000000000102e+02 7.524999999999999467e-01
2.140597999999999956e+02 7.288999999999999924e-01
2.159882000000000062e+02 7.008999999999999675e-01
2.179166999999999916e+02 6.723999999999999977e-01
2.198452000000000055e+02 6.389000000000000234e-01
2.217735999999999876e+02 5.987000000000000099e-01
2.237021000000000015e+02 5.526999999999999691e-01
2.256305999999999869e+02 5.040999999999999925e-01
2.275589999999999975e+02 4.489000000000000212e-01
2.294875000000000114e+02 3.982999999999999874e-01
2.314159999999999968e+02 3.663000000000000145e-01
2.333444000000000074e+02 3.592000000000000193e-01
2.352728999999999928e+02 3.664999999999999925e-01
2.372014000000000067e+02 3.639000000000000012e-01
2.391297999999999888e+02 3.431000000000000161e-01
2.410583000000000027e+02 3.133000000000000229e-01
2.429867999999999881e+02 2.836000000000000187e-01
2.449151999999999987e+02 2.585999999999999965e-01
2.468437000000000126e+02 2.386999999999999955e-01
2.487721999999999980e+02 2.253000000000000003e-01
2.507006000000000085e+02 2.197999999999999954e-01
2.526290999999999940e+02 2.225999999999999923e-01
2.545576000000000079e+02 2.344999999999999862e-01
2.564859999999999900e+02 2.509000000000000119e-01
2.584144999999999754e+02 2.691000000000000059e-01
2.603430000000000177e+02 2.839999999999999747e-01
2.622714000000000283e+02 2.904999999999999805e-01
2.641999000000000137e+02 2.848999999999999866e-01
2.661283999999999992e+02 2.667999999999999816e-01
2.680568000000000097e+02 2.379999999999999893e-01
2.699852999999999952e+02 2.023999999999999966e-01
2.719137999999999806e+02 1.655000000000000082e-01
2.738421999999999912e+02 1.323000000000000009e-01
2.757706999999999766e+02 1.054999999999999966e-01
2.776992000000000189e+02 8.459999999999999465e-02
2.796275999999999726e+02 6.850000000000000533e-02
2.815561000000000149e+02 5.720000000000000084e-02
2.834846000000000004e+02 4.929999999999999660e-02
2.854130000000000109e+02 4.379999999999999866e-02
2.873414999999999964e+02 3.980000000000000204e-02
2.892699999999999818e+02 3.679999999999999938e-02
2.911983999999999924e+02 3.479999999999999760e-02
2.931268999999999778e+02 3.289999999999999869e-02
2.950554000000000201e+02 3.059999999999999873e-02
2.969837999999999738e+02 2.840000000000000163e-02
2.989123000000000161e+02 2.680000000000000090e-02
3.008408000000000015e+02 2.500000000000000139e-02
3.027692000000000121e+02 2.290000000000000022e-02
3.046976999999999975e+02 2.120000000000000009e-02
3.066261000000000081e+02 1.990000000000000102e-02
3.085545999999999935e+02 1.909999999999999892e-02
3.104830999999999790e+02 1.859999999999999848e-02
3.124114999999999895e+02 1.789999999999999925e-02
3.143399999999999750e+02 1.710000000000000062e-02
3.162685000000000173e+02 1.669999999999999957e-02
3.181969000000000278e+02 1.650000000000000078e-02
3.201254000000000133e+02 1.640000000000000138e-02
3.220538999999999987e+02 1.640000000000000138e-02
3.239823000000000093e+02 1.640000000000000138e-02
3.259107999999999947e+02 1.629999999999999852e-02
3.278392999999999802e+02 1.609999999999999973e-02
3.297676999999999907e+02 1.619999999999999912e-02
3.316961999999999762e+02 1.640000000000000138e-02
3.336247000000000185e+02 1.689999999999999836e-02
3.355530999999999722e+02 1.700000000000000122e-02
3.374816000000000145e+02 1.689999999999999836e-02
3.394100999999999999e+02 1.720000000000000001e-02
3.413385000000000105e+02 1.770000000000000046e-02
3.432669999999999959e+02 1.789999999999999925e-02
3.451954999999999814e+02 1.839999999999999969e-02
3.471238999999999919e+02 1.880000000000000074e-02
3.490523999999999774e+02 1.919999999999999832e-02
3.509809000000000196e+02 1.969999999999999876e-02
3.529092999999999734e+02 2.009999999999999981e-02
3.548378000000000156e+02 2.019999999999999921e-02
3.567663000000000011e+02 2.050000000000000086e-02
3.586947000000000116e+02 2.079999999999999905e-02
3.606231999999999971e+02 2.129999999999999949e-02
3.625516999999999825e+02 2.170000000000000054e-02
3.644800999999999931e+02 2.220000000000000098e-02
3.664085999999999785e+02 2.249999999999999917e-02
3.683371000000000208e+02 2.290000000000000022e-02
3.702654999999999745e+02 2.330000000000000127e-02
3.721940000000000168e+02 2.380000000000000171e-02
3.741225000000000023e+02 2.450000000000000094e-02
3.760509000000000128e+02 2.510000000000000078e-02
3.779793999999999983e+02 2.520000000000000018e-02
3.799078999999999837e+02 2.539999999999999897e-02
3.818362999999999943e+02 2.560000000000000123e-02
3.837647999999999797e+02 2.589999999999999941e-02
3.856933000000000220e+02 2.620000000000000107e-02
3.876216999999999757e+02 2.670000000000000151e-02
3.895502000000000180e+02 2.730000000000000135e-02
3.914785999999999717e+02 2.769999999999999893e-02
3.934071000000000140e+02 2.790000000000000119e-02
3.953355999999999995e+02 2.809999999999999998e-02
3.972640000000000100e+02 2.809999999999999998e-02
3.991924999999999955e+02 2.840000000000000163e-02
4.011209999999999809e+02 2.879999999999999921e-02
4.030493999999999915e+02 2.929999999999999966e-02
4.049778999999999769e+02 2.949999999999999845e-02
4.069064000000000192e+02 2.970000000000000070e-02
4.088347999999999729e+02 2.989999999999999949e-02
4.107633000000000152e+02 3.020000000000000115e-02
4.126918000000000006e+02 3.030000000000000054e-02
4.146202000000000112e+02 3.080000000000000099e-02
4.165486999999999966e+02 3.109999999999999917e-02
4.184771999999999821e+02 3.119999999999999857e-02
4.204055999999999926e+02 3.130000000000000143e-02
4.223340999999999781e+02 3.160000000000000309e-02
4.242626000000000204e+02 3.180000000000000188e-02
4.261909999999999741e+02 3.200000000000000067e-02
4.281195000000000164e+02 3.200000000000000067e-02
4.300480000000000018e+02 3.219999999999999946e-02
4.319764000000000124e+02 3.250000000000000111e-02
4.339048999999999978e+02 3.289999999999999869e-02
4.358333999999999833e+02 3.309999999999999748e-02
4.377617999999999938e+02 3.320000000000000034e-02
4.396902999999999793e+02 3.339999999999999913e-02
4.416188000000000216e+02 3.370000000000000079e-02
4.435471999999999753e+02 3.379999999999999671e-02
4.454757000000000176e+02 3.429999999999999716e-02
4.474042000000000030e+02 3.459999999999999881e-02
4.493326000000000136e+02 3.500000000000000333e-02
4.512610999999999990e+02 3.520000000000000212e-02
4.531895999999999844e+02 3.520000000000000212e-02
4.551179999999999950e+02 3.500000000000000333e-02
4.570464999999999804e+02 3.500000000000000333e-02
4.589750000000000227e+02 3.509999999999999926e-02
4.609033999999999764e+02 3.559999999999999970e-02
4.628319000000000187e+02 3.590000000000000135e-02
4.647604000000000042e+02 3.610000000000000014e-02
4.666888000000000147e+02 3.629999999999999893e-02
4.686173000000000002e+02 3.629999999999999893e-02
4.705457999999999856e+02 3.629999999999999893e-02
4.724741999999999962e+02 3.629999999999999893e-02
4.744026999999999816e+02 3.660000000000000059e-02
4.763310999999999922e+02 3.670000000000000345e-02
4.782595999999999776e+02 3.670000000000000345e-02
4.801881000000000199e+02 3.679999999999999938e-02
4.821164999999999736e+02 3.710000000000000103e-02
4.840450000000000159e+02 3.719999999999999696e-02
4.859735000000000014e+02 3.710000000000000103e-02
4.879019000000000119e+02 3.719999999999999696e-02
4.898303999999999974e+02 3.740000000000000269e-02
4.917588999999999828e+02 3.760000000000000148e-02
4.936872999999999934e+02 3.790000000000000313e-02
4.956157999999999788e+02 3.780000000000000027e-02
4.975443000000000211e+02 3.780000000000000027e-02
4.994726999999999748e+02 3.790000000000000313e-02
5.014012000000000171e+02 3.810000000000000192e-02
5.033297000000000025e+02 3.830000000000000071e-02
5.052583000000000197e+02 3.729999999999999982e-02
5.071868000000000052e+02 3.740000000000000269e-02
5.091152000000000157e+02 3.740000000000000269e-02
5.110437000000000012e+02 3.769999999999999740e-02
5.129722000000000435e+02 3.780000000000000027e-02
5.149006000000000540e+02 3.799999999999999906e-02
5.168291000000000395e+02 3.819999999999999785e-02
5.187576000000000249e+02 3.839999999999999664e-02
5.206860000000000355e+02 3.849999999999999950e-02
5.226145000000000209e+02 3.839999999999999664e-02
5.245430000000000064e+02 3.860000000000000236e-02
5.264714000000000169e+02 3.899999999999999994e-02
5.283999000000000024e+02 3.930000000000000160e-02
5.303283999999999878e+02 3.939999999999999752e-02
5.322567999999999984e+02 3.930000000000000160e-02
5.341852999999999838e+02 3.919999999999999873e-02
5.361137999999999693e+02 3.950000000000000039e-02
5.380421999999999798e+02 3.969999999999999918e-02
5.399706999999999653e+02 3.980000000000000204e-02
5.418991999999999507e+02 3.989999999999999797e-02
5.438275999999999613e+02 4.019999999999999962e-02
5.457560999999999467e+02 4.039999999999999841e-02
5.476846000000000458e+02 4.030000000000000249e-02
5.496130000000000564e+02 4.059999999999999720e-02
5.515415000000000418e+02 4.089999999999999886e-02
5.534700000000000273e+02 4.109999999999999765e-02
5.553984000000000378e+02 4.130000000000000338e-02
5.573269000000000233e+02 4.130000000000000338e-02
5.592554000000000087e+02 4.139999999999999930e-02
5.611838000000000193e+02 4.159999999999999809e-02
5.631123000000000047e+02 4.179999999999999688e-02
5.650407999999999902e+02 4.200000000000000261e-02
5.669692000000000007e+02 4.220000000000000140e-02
5.688976999999999862e+02 4.240000000000000019e-02
5.708261999999999716e+02 4.229999999999999732e-02
5.727545999999999822e+02 4.229999999999999732e-02
5.746830999999999676e+02 4.259999999999999898e-02
5.766115999999999531e+02 4.290000000000000063e-02
5.785399999999999636e+02 4.320000000000000229e-02
5.804684999999999491e+02 4.349999999999999700e-02
5.823970000000000482e+02 4.359999999999999987e-02
5.843253999999999451e+02 4.379999999999999866e-02
5.862539000000000442e+02 4.410000000000000031e-02
5.881824000000000296e+02 4.420000000000000318e-02
5.901108000000000402e+02 4.440000000000000197e-02
5.920393000000000256e+02 4.469999999999999668e-02
5.939678000000000111e+02 4.479999999999999954e-02
5.958962000000000216e+02 4.490000000000000241e-02
5.978247000000000071e+02 4.499999999999999833e-02
5.997531999999999925e+02 4.529999999999999999e-02
6.016816000000000031e+02 4.560000000000000164e-02
6.036100999999999885e+02 4.560000000000000164e-02
6.055385999999999740e+02 4.560000000000000164e-02
6.074669999999999845e+02 4.560000000000000164e-02
6.093954999999999700e+02 4.560000000000000164e-02
6.113239999999999554e+02 4.560000000000000164e-02
6.132523999999999660e+02 4.569999999999999757e-02
6.151808999999999514e+02 4.569999999999999757e-02
6.171094000000000506e+02 4.560000000000000164e-02
6.190377999999999474e+02 4.549999999999999878e-02
6.209663000000000466e+02 4.549999999999999878e-02
6.228948000000000320e+02 4.549999999999999878e-02
6.248232000000000426e+02 4.549999999999999878e-02
6.267517000000000280e+02 4.549999999999999878e-02
6.286802000000000135e+02 4.540000000000000285e-02
6.306086000000000240e+02 4.540000000000000285e-02
6.325371000000000095e+02 4.540000000000000285e-02
6.344655999999999949e+02 4.540000000000000285e-02
6.363940000000000055e+02 4.549999999999999878e-02
6.383224999999999909e+02 4.549999999999999878e-02
6.402509999999999764e+02 4.540000000000000285e-02
6.421793999999999869e+02 4.549999999999999878e-02
6.441078999999999724e+02 4.560000000000000164e-02
6.460363999999999578e+02 4.560000000000000164e-02
6.479647999999999683e+02 4.560000000000000164e-02
6.498932999999999538e+02 4.569999999999999757e-02
6.518218000000000529e+02 4.569999999999999757e-02
6.537501999999999498e+02 4.569999999999999757e-02
6.556787000000000489e+02 4.569999999999999757e-02
6.576072000000000344e+02 4.580000000000000043e-02
6.595356000000000449e+02 4.580000000000000043e-02
6.614641000000000304e+02 4.580000000000000043e-02
6.633926000000000158e+02 4.580000000000000043e-02
6.653210000000000264e+02 4.580000000000000043e-02
6.672495000000000118e+02 4.590000000000000330e-02
6.691779999999999973e+02 4.610000000000000209e-02
6.711064000000000078e+02 4.610000000000000209e-02
6.730348999999999933e+02 4.619999999999999801e-02
6.749633999999999787e+02 4.619999999999999801e-02
6.768917999999999893e+02 4.619999999999999801e-02
6.788202999999999747e+02 4.630000000000000088e-02
6.807487999999999602e+02 4.639999999999999680e-02
6.826771999999999707e+02 4.649999999999999967e-02
6.846056999999999562e+02 4.649999999999999967e-02
6.865342000000000553e+02 4.649999999999999967e-02
6.884625999999999522e+02 4.639999999999999680e-02
6.903911000000000513e+02 4.649999999999999967e-02
6.923196000000000367e+02 4.669999999999999846e-02
6.942480000000000473e+02 4.669999999999999846e-02
6.961765000000000327e+02 4.680000000000000132e-02
6.981050000000000182e+02 4.680000000000000132e-02
7.000334000000000287e+02 4.669999999999999846e-02
7.019619000000000142e+02 4.680000000000000132e-02
7.038903999999999996e+02 4.689999999999999725e-02
7.058188000000000102e+02 4.689999999999999725e-02
7.077472999999999956e+02 4.680000000000000132e-02
7.096757999999999811e+02 4.680000000000000132e-02
7.116041999999999916e+02 4.689999999999999725e-02
7.135326999999999771e+02 4.689999999999999725e-02
7.154611999999999625e+02 4.700000000000000011e-02
7.173895999999999731e+02 4.700000000000000011e-02
7.193180999999999585e+02 4.700000000000000011e-02
7.212465999999999440e+02 4.710000000000000298e-02
7.231749999999999545e+02 4.710000000000000298e-02
7.251035000000000537e+02 4.710000000000000298e-02
7.270320000000000391e+02 4.710000000000000298e-02
7.289604000000000497e+02 4.719999999999999890e-02
7.308889000000000351e+02 4.730000000000000177e-02
7.328174000000000206e+02 4.739999999999999769e-02
7.347458000000000311e+02 4.750000000000000056e-02
7.366743000000000166e+02 4.750000000000000056e-02
7.386028000000000020e+02 4.750000000000000056e-02
7.405312999999999874e+02 4.750000000000000056e-02
7.424596999999999980e+02 4.750000000000000056e-02
7.443881999999999834e+02 4.750000000000000056e-02
7.463166999999999689e+02 4.750000000000000056e-02
7.482450999999999794e+02 4.750000000000000056e-02
7.501735999999999649e+02 4.760000000000000342e-02
7.521020999999999503e+02 4.760000000000000342e-02
7.540304999999999609e+02 4.769999999999999934e-02
7.559589999999999463e+02 4.780000000000000221e-02
7.578875000000000455e+02 4.789999999999999813e-02
7.598159000000000560e+02 4.789999999999999813e-02
7.617444000000000415e+02 4.789999999999999813e-02
7.636729000000000269e+02 4.789999999999999813e-02
7.656013000000000375e+02 4.789999999999999813e-02
7.675298000000000229e+02 4.800000000000000100e-02
7.694583000000000084e+02 4.800000000000000100e-02
7.713867000000000189e+02 4.809999999999999692e-02
7.733152000000000044e+02 4.809999999999999692e-02
7.752436999999999898e+02 4.809999999999999692e-02
7.771721000000000004e+02 4.819999999999999979e-02
7.791005999999999858e+02 4.830000000000000265e-02
7.810290999999999713e+02 4.830000000000000265e-02
7.829574999999999818e+02 4.839999999999999858e-02
7.848859999999999673e+02 4.839999999999999858e-02
7.868144999999999527e+02 4.839999999999999858e-02
7.887428999999999633e+02 4.839999999999999858e-02
7.906713999999999487e+02 4.850000000000000144e-02
7.925999000000000478e+02 4.859999999999999737e-02
7.945282999999999447e+02 4.859999999999999737e-02
7.964568000000000438e+02 4.859999999999999737e-02
7.983853000000000293e+02 4.870000000000000023e-02
8.003137000000000398e+02 4.870000000000000023e-02
8.022422000000000253e+02 4.880000000000000310e-02
8.041707000000000107e+02 4.880000000000000310e-02
8.060991000000000213e+02 4.880000000000000310e-02
8.080276000000000067e+02 4.880000000000000310e-02
8.099560999999999922e+02 4.880000000000000310e-02
8.118845000000000027e+02 4.880000000000000310e-02
8.138129999999999882e+02 4.889999999999999902e-02
8.157414999999999736e+02 4.889999999999999902e-02
8.176698999999999842e+02 4.889999999999999902e-02
8.195983999999999696e+02 4.909999999999999781e-02
8.215268999999999551e+02 4.909999999999999781e-02
8.234552999999999656e+02 4.900000000000000189e-02
8.253837999999999511e+02 4.909999999999999781e-02
8.273123000000000502e+02 4.920000000000000068e-02
8.292406999999999471e+02 4.920000000000000068e-02
8.311692000000000462e+02 4.929999999999999660e-02
8.330977000000000317e+02 4.939999999999999947e-02
8.350261000000000422e+02 4.939999999999999947e-02
8.369546000000000276e+02 4.939999999999999947e-02
8.388831000000000131e+02 4.950000000000000233e-02
8.408115000000000236e+02 4.950000000000000233e-02
8.427400000000000091e+02 4.950000000000000233e-02
8.446684999999999945e+02 4.950000000000000233e-02
8.465969000000000051e+02 4.959999999999999826e-02
8.485253999999999905e+02 4.959999999999999826e-02
8.504538999999999760e+02 4.959999999999999826e-02
8.523822999999999865e+02 4.959999999999999826e-02
8.543107999999999720e+02 4.959999999999999826e-02
8.562392999999999574e+02 4.959999999999999826e-02
8.581676999999999680e+02 4.970000000000000112e-02
8.600961999999999534e+02 4.979999999999999705e-02
8.620247000000000526e+02 4.989999999999999991e-02
8.639530999999999494e+02 4.989999999999999991e-02
8.658816000000000486e+02 4.979999999999999705e-02
8.678101000000000340e+02 4.989999999999999991e-02
8.697385000000000446e+02 4.989999999999999991e-02
8.716670000000000300e+02 5.000000000000000278e-02
8.735955000000000155e+02 5.000000000000000278e-02
8.755239000000000260e+02 5.000000000000000278e-02
8.774524000000000115e+02 5.000000000000000278e-02
8.793808999999999969e+02 5.000000000000000278e-02
8.813093000000000075e+02 5.000000000000000278e-02
8.832377999999999929e+02 5.000000000000000278e-02
8.851662999999999784e+02 5.009999999999999870e-02
8.870946999999999889e+02 5.020000000000000157e-02
8.890231999999999744e+02 5.020000000000000157e-02
8.909516999999999598e+02 5.020000000000000157e-02
8.928800999999999704e+02 5.040000000000000036e-02
8.948084999999999809e+02 5.040000000000000036e-02
8.967369999999999663e+02 5.040000000000000036e-02
8.986654999999999518e+02 5.040000000000000036e-02
9.005938999999999623e+02 5.040000000000000036e-02
9.025223999999999478e+02 5.040000000000000036e-02
9.044509000000000469e+02 5.040000000000000036e-02
9.063792999999999438e+02 5.050000000000000322e-02
9.083078000000000429e+02 5.040000000000000036e-02
9.102363000000000284e+02 5.050000000000000322e-02
9.121647000000000389e+02 5.050000000000000322e-02
9.140932000000000244e+02 5.059999999999999915e-02
9.160217000000000098e+02 5.050000000000000322e-02
9.179501000000000204e+02 5.050000000000000322e-02
9.198786000000000058e+02 5.059999999999999915e-02
9.218070999999999913e+02 5.070000000000000201e-02
9.237355000000000018e+02 5.070000000000000201e-02
9.256639999999999873e+02 5.079999999999999793e-02
9.275924999999999727e+02 5.070000000000000201e-02
9.295208999999999833e+02 5.079999999999999793e-02
9.314493999999999687e+02 5.079999999999999793e-02
9.333778999999999542e+02 5.070000000000000201e-02
9.353062999999999647e+02 5.070000000000000201e-02
9.372347999999999502e+02 5.079999999999999793e-02
9.391633000000000493e+02 5.079999999999999793e-02
9.410916999999999462e+02 5.090000000000000080e-02
9.430202000000000453e+02 5.090000000000000080e-02
9.449487000000000307e+02 5.090000000000000080e-02
9.468771000000000413e+02 5.090000000000000080e-02
9.488056000000000267e+02 5.090000000000000080e-02
9.507341000000000122e+02 5.090000000000000080e-02
9.526625000000000227e+02 5.090000000000000080e-02
9.545910000000000082e+02 5.099999999999999672e-02
9.565194999999999936e+02 5.099999999999999672e-02
9.584479000000000042e+02 5.099999999999999672e-02
9.603763999999999896e+02 5.099999999999999672e-02
9.623048999999999751e+02 5.099999999999999672e-02
9.642332999999999856e+02 5.099999999999999672e-02
9.661617999999999711e+02 5.090000000000000080e-02
9.680902999999999565e+02 5.099999999999999672e-02
9.700186999999999671e+02 5.099999999999999672e-02
9.719471999999999525e+02 5.099999999999999672e-02
9.738757000000000517e+02 5.109999999999999959e-02
9.758040999999999485e+02 5.109999999999999959e-02
9.777326000000000477e+02 5.109999999999999959e-02
9.796611000000000331e+02 5.099999999999999672e-02
9.815895000000000437e+02 5.099999999999999672e-02
9.835180000000000291e+02 5.099999999999999672e-02
9.854465000000000146e+02 5.099999999999999672e-02
9.873749000000000251e+02 5.109999999999999959e-02
9.893034000000000106e+02 5.109999999999999959e-02
9.912318999999999960e+02 5.120000000000000245e-02
9.931603000000000065e+02 5.120000000000000245e-02
9.950887999999999920e+02 5.120000000000000245e-02
9.970172999999999774e+02 5.109999999999999959e-02
9.989456999999999880e+02 5.120000000000000245e-02
1.000874000000000024e+03 5.120000000000000245e-02
1.002802999999999997e+03 5.120000000000000245e-02
1.004730999999999995e+03 5.120000000000000245e-02
1.006659999999999968e+03 5.120000000000000245e-02
1.008587999999999965e+03 5.129999999999999838e-02
1.010517000000000053e+03 5.129999999999999838e-02
1.012445000000000050e+03 5.129999999999999838e-02
1.014373000000000047e+03 5.129999999999999838e-02
1.016302000000000021e+03 5.129999999999999838e-02
1.018230000000000018e+03 5.129999999999999838e-02
1.020158999999999992e+03 5.129999999999999838e-02
1.022086999999999989e+03 5.129999999999999838e-02
1.024016000000000076e+03 5.129999999999999838e-02
1.025943999999999960e+03 5.140000000000000124e-02
1.027873000000000047e+03 5.129999999999999838e-02
1.029800999999999931e+03 5.129999999999999838e-02
1.031730000000000018e+03 5.129999999999999838e-02
1.033657999999999902e+03 5.140000000000000124e-02
1.035586999999999989e+03 5.149999999999999717e-02
1.037515000000000100e+03 5.149999999999999717e-02
1.039443999999999960e+03 5.140000000000000124e-02
1.041372000000000071e+03 5.140000000000000124e-02
1.043300999999999931e+03 5.140000000000000124e-02
1.045229000000000042e+03 5.140000000000000124e-02
1.047156999999999925e+03 5.140000000000000124e-02
1.049086000000000013e+03 5.140000000000000124e-02
1.051013999999999896e+03 5.140000000000000124e-02
1.052942999999999984e+03 5.140000000000000124e-02
1.054871000000000095e+03 5.140000000000000124e-02
1.056799999999999955e+03 5.140000000000000124e-02
1.058728000000000065e+03 5.140000000000000124e-02
1.060656999999999925e+03 5.129999999999999838e-02
1.062585000000000036e+03 5.129999999999999838e-02
1.064513999999999896e+03 5.120000000000000245e-02
1.066442000000000007e+03 5.120000000000000245e-02
1.068371000000000095e+03 5.120000000000000245e-02
1.070298999999999978e+03 5.120000000000000245e-02
1.072228000000000065e+03 5.109999999999999959e-02
1.074155999999999949e+03 5.099999999999999672e-02
1.076084000000000060e+03 5.099999999999999672e-02
1.078012999999999920e+03 5.099999999999999672e-02
1.079941000000000031e+03 5.099999999999999672e-02
1.081869999999999891e+03 5.099999999999999672e-02
1.083798000000000002e+03 5.090000000000000080e-02
1.085727000000000089e+03 5.090000000000000080e-02
1.087654999999999973e+03 5.090000000000000080e-02
1.089584000000000060e+03 5.079999999999999793e-02
1.091511999999999944e+03 5.070000000000000201e-02
1.093441000000000031e+03 5.070000000000000201e-02
1.095368999999999915e+03 5.059999999999999915e-02
1.097298000000000002e+03 5.050000000000000322e-02
1.099226000000000113e+03 5.040000000000000036e-02
1.101154999999999973e+03 5.040000000000000036e-02
1.103083000000000084e+03 5.029999999999999749e-02
1.105010999999999967e+03 5.029999999999999749e-02
1.106940000000000055e+03 5.029999999999999749e-02
1.108867999999999938e+03 5.029999999999999749e-02
1.110797000000000025e+03 5.029999999999999749e-02
1.112724999999999909e+03 5.029999999999999749e-02
1.114653999999999996e+03 5.020000000000000157e-02
1.116582000000000107e+03 5.020000000000000157e-02
1.118510999999999967e+03 5.020000000000000157e-02
1.120439000000000078e+03 5.020000000000000157e-02
1.122367999999999938e+03 5.020000000000000157e-02
1.124296000000000049e+03 5.020000000000000157e-02
1.126224999999999909e+03 5.020000000000000157e-02
1.128153000000000020e+03 5.020000000000000157e-02
1.130082000000000107e+03 5.020000000000000157e-02
1.132009999999999991e+03 5.029999999999999749e-02
1.133938000000000102e+03 5.040000000000000036e-02
1.135866999999999962e+03 5.040000000000000036e-02
1.137795000000000073e+03 5.040000000000000036e-02
1.139723999999999933e+03 5.050000000000000322e-02
1.141652000000000044e+03 5.050000000000000322e-02
1.143580999999999904e+03 5.050000000000000322e-02
1.145509000000000015e+03 5.059999999999999915e-02
1.147438000000000102e+03 5.070000000000000201e-02
1.149365999999999985e+03 5.070000000000000201e-02
1.151295000000000073e+03 5.070000000000000201e-02
1.153222999999999956e+03 5.079999999999999793e-02
1.155152000000000044e+03 5.079999999999999793e-02
1.157079999999999927e+03 5.079999999999999793e-02
1.159009000000000015e+03 5.079999999999999793e-02
1.160936999999999898e+03 5.079999999999999793e-02
1.162865000000000009e+03 5.079999999999999793e-02
1.164794000000000096e+03 5.079999999999999793e-02
1.166721999999999980e+03 5.079999999999999793e-02
1.168651000000000067e+03 5.079999999999999793e-02
1.170578999999999951e+03 5.079999999999999793e-02
1.172508000000000038e+03 5.090000000000000080e-02
1.174435999999999922e+03 5.090000000000000080e-02
1.176365000000000009e+03 5.090000000000000080e-02
1.178292999999999893e+03 5.099999999999999672e-02
1.180221999999999980e+03 5.099999999999999672e-02
1.182150000000000091e+03 5.099999999999999672e-02
1.184078999999999951e+03 5.099999999999999672e-02
1.186007000000000062e+03 5.109999999999999959e-02
1.187935999999999922e+03 5.109999999999999959e-02
1.189864000000000033e+03 5.109999999999999959e-02
1.191791999999999916e+03 5.120000000000000245e-02
1.193721000000000004e+03 5.129999999999999838e-02
1.195648999999999887e+03 5.129999999999999838e-02
1.197577999999999975e+03 5.129999999999999838e-02
1.199506000000000085e+03 5.140000000000000124e-02
1.201434999999999945e+03 5.140000000000000124e-02
1.203363000000000056e+03 5.149999999999999717e-02
1.205291999999999916e+03 5.149999999999999717e-02
1.207220000000000027e+03 5.160000000000000003e-02
1.209148999999999887e+03 5.160000000000000003e-02
1.211076999999999998e+03 5.160000000000000003e-02
1.213006000000000085e+03 5.170000000000000290e-02
1.214933999999999969e+03 5.170000000000000290e-02
1.216863000000000056e+03 5.170000000000000290e-02
1.218790999999999940e+03 5.170000000000000290e-02
1.220719000000000051e+03 5.160000000000000003e-02
1.222647999999999911e+03 5.170000000000000290e-02
1.224576000000000022e+03 5.170000000000000290e-02
1.226505000000000109e+03 5.170000000000000290e-02
1.228432999999999993e+03 5.170000000000000290e-02
1.230362000000000080e+03 5.170000000000000290e-02
1.232289999999999964e+03 5.179999999999999882e-02
1.234219000000000051e+03 5.179999999999999882e-02
1.236146999999999935e+03 5.179999999999999882e-02
1.238076000000000022e+03 5.179999999999999882e-02
1.240003999999999905e+03 5.179999999999999882e-02
1.241932999999999993e+03 5.190000000000000169e-02
1.243861000000000104e+03 5.190000000000000169e-02
1.245789999999999964e+03 5.190000000000000169e-02
1.247718000000000075e+03 5.190000000000000169e-02
1.249645999999999958e+03 5.190000000000000169e-02
1.251575000000000045e+03 5.190000000000000169e-02
1.253502999999999929e+03 5.190000000000000169e-02
1.255432000000000016e+03 5.190000000000000169e-02
1.257359999999999900e+03 5.190000000000000169e-02
1.259288999999999987e+03 5.190000000000000169e-02
1.261217000000000098e+03 5.199999999999999761e-02
1.263145999999999958e+03 5.199999999999999761e-02
1.265074000000000069e+03 5.190000000000000169e-02
1.267002999999999929e+03 5.190000000000000169e-02
1.268931000000000040e+03 5.199999999999999761e-02
1.270859999999999900e+03 5.199999999999999761e-02
1.272788000000000011e+03 5.190000000000000169e-02
1.274717000000000098e+03 5.190000000000000169e-02
1.276644999999999982e+03 5.199999999999999761e-02
1.278573000000000093e+03 5.199999999999999761e-02
1.280501999999999953e+03 5.199999999999999761e-02
1.282430000000000064e+03 5.199999999999999761e-02
1.284358999999999924e+03 5.199999999999999761e-02
1.286287000000000035e+03 5.199999999999999761e-02
1.288215999999999894e+03 5.199999999999999761e-02
1.290144000000000005e+03 5.199999999999999761e-02
1.292073000000000093e+03 5.199999999999999761e-02
1.294000999999999976e+03 5.199999999999999761e-02
1.295930000000000064e+03 5.199999999999999761e-02
1.297857999999999947e+03 5.199999999999999761e-02
1.299787000000000035e+03 5.199999999999999761e-02
1.301714999999999918e+03 5.199999999999999761e-02
1.303644000000000005e+03 5.210000000000000048e-02
1.305571999999999889e+03 5.210000000000000048e-02
1.307500000000000000e+03 5.220000000000000334e-02
1.309429000000000087e+03 5.210000000000000048e-02
1.311356999999999971e+03 5.210000000000000048e-02
1.313286000000000058e+03 5.220000000000000334e-02
1.315213999999999942e+03 5.220000000000000334e-02
1.317143000000000029e+03 5.220000000000000334e-02
1.319070999999999913e+03 5.220000000000000334e-02
1.321000000000000000e+03 5.220000000000000334e-02
1.322928000000000111e+03 5.220000000000000334e-02
1.324856999999999971e+03 5.220000000000000334e-02
1.326785000000000082e+03 5.220000000000000334e-02
1.328713999999999942e+03 5.229999999999999927e-02
1.330642000000000053e+03 5.229999999999999927e-02
1.332570999999999913e+03 5.229999999999999927e-02
1.334499000000000024e+03 5.229999999999999927e-02
1.336426999999999907e+03 5.229999999999999927e-02
1.338355999999999995e+03 5.229999999999999927e-02
1.340284000000000106e+03 5.229999999999999927e-02
1.342212999999999965e+03 5.229999999999999927e-02
1.344141000000000076e+03 5.229999999999999927e-02
1.346069999999999936e+03 5.229999999999999927e-02
1.347998000000000047e+03 5.229999999999999927e-02
1.349926999999999907e+03 5.229999999999999927e-02
1.351855000000000018e+03 5.229999999999999927e-02
1.353784000000000106e+03 5.229999999999999927e-02
1.355711999999999989e+03 5.229999999999999927e-02
1.357641000000000076e+03 5.229999999999999927e-02
1.359568999999999960e+03 5.229999999999999927e-02
1.361498000000000047e+03 5.229999999999999927e-02
1.363425999999999931e+03 5.229999999999999927e-02
1.365354000000000042e+03 5.229999999999999927e-02
1.367282999999999902e+03 5.229999999999999927e-02
1.369211000000000013e+03 5.229999999999999927e-02
1.371140000000000100e+03 5.229999999999999927e-02
1.373067999999999984e+03 5.229999999999999927e-02
1.374997000000000071e+03 5.240000000000000213e-02
1.376924999999999955e+03 5.240000000000000213e-02
1.378854000000000042e+03 5.240000000000000213e-02
1.380781999999999925e+03 5.240000000000000213e-02
1.382711000000000013e+03 5.240000000000000213e-02
1.384638999999999896e+03 5.240000000000000213e-02
1.386567999999999984e+03 5.249999999999999806e-02
1.388496000000000095e+03 5.249999999999999806e-02
1.390423999999999978e+03 5.240000000000000213e-02
1.392353000000000065e+03 5.240000000000000213e-02
1.394280999999999949e+03 5.249999999999999806e-02
1.396210000000000036e+03 5.249999999999999806e-02
1.398137999999999920e+03 5.249999999999999806e-02
1.400067000000000007e+03 5.249999999999999806e-02
1.401994999999999891e+03 5.249999999999999806e-02
1.403923999999999978e+03 5.249999999999999806e-02
1.405852000000000089e+03 5.240000000000000213e-02
1.407780999999999949e+03 5.249999999999999806e-02
1.409709000000000060e+03 5.249999999999999806e-02
1.411637999999999920e+03 5.249999999999999806e-02
1.413566000000000031e+03 5.249999999999999806e-02
1.415494999999999891e+03 5.249999999999999806e-02
1.417423000000000002e+03 5.249999999999999806e-02
1.419351000000000113e+03 5.260000000000000092e-02
1.421279999999999973e+03 5.249999999999999806e-02
1.423208000000000084e+03 5.249999999999999806e-02
1.425136999999999944e+03 5.240000000000000213e-02
1.427065000000000055e+03 5.240000000000000213e-02
1.428993999999999915e+03 5.240000000000000213e-02
1.430922000000000025e+03 5.240000000000000213e-02
1.432851000000000113e+03 5.240000000000000213e-02
1.434778999999999996e+03 5.240000000000000213e-02
1.436708000000000084e+03 5.249999999999999806e-02
1.438635999999999967e+03 5.240000000000000213e-02
1.440565000000000055e+03 5.229999999999999927e-02
1.442492999999999938e+03 5.229999999999999927e-02
1.444422000000000025e+03 5.229999999999999927e-02
1.446349999999999909e+03 5.229999999999999927e-02
1.448278000000000020e+03 5.229999999999999927e-02
1.450207000000000107e+03 5.229999999999999927e-02
1.452134999999999991e+03 5.220000000000000334e-02
1.454064000000000078e+03 5.229999999999999927e-02
1.455991999999999962e+03 5.240000000000000213e-02
1.457921000000000049e+03 5.240000000000000213e-02
1.459848999999999933e+03 5.210000000000000048e-02
1.461778000000000020e+03 5.199999999999999761e-02
1.463705999999999904e+03 5.210000000000000048e-02
1.465634999999999991e+03 5.220000000000000334e-02
1.467563000000000102e+03 5.220000000000000334e-02
1.469491999999999962e+03 5.220000000000000334e-02
1.471420000000000073e+03 5.220000000000000334e-02
1.473348999999999933e+03 5.229999999999999927e-02
1.475277000000000044e+03 5.240000000000000213e-02
1.477204999999999927e+03 5.249999999999999806e-02
1.479134000000000015e+03 5.249999999999999806e-02
1.481061999999999898e+03 5.249999999999999806e-02
1.482990999999999985e+03 5.249999999999999806e-02
1.484919000000000096e+03 5.240000000000000213e-02
1.486847999999999956e+03 5.249999999999999806e-02
1.488776000000000067e+03 5.249999999999999806e-02
1.490704999999999927e+03 5.249999999999999806e-02
1.492633000000000038e+03 5.249999999999999806e-02
1.494561999999999898e+03 5.249999999999999806e-02
1.496490000000000009e+03 5.260000000000000092e-02
1.498419000000000096e+03 5.260000000000000092e-02
1.500346999999999980e+03 5.249999999999999806e-02
1.502276000000000067e+03 5.249999999999999806e-02
1.504203999999999951e+03 5.260000000000000092e-02
1.506132000000000062e+03 5.269999999999999685e-02
1.508060999999999922e+03 5.260000000000000092e-02
1.509989000000000033e+03 5.249999999999999806e-02
1.511917999999999893e+03 5.240000000000000213e-02
1.513846000000000004e+03 5.240000000000000213e-02
1.515775000000000091e+03 5.249999999999999806e-02
1.517702999999999975e+03 5.249999999999999806e-02
1.519632000000000062e+03 5.249999999999999806e-02
1.521559999999999945e+03 5.249999999999999806e-02
1.523489000000000033e+03 5.240000000000000213e-02
1.525416999999999916e+03 5.240000000000000213e-02
1.527346000000000004e+03 5.240000000000000213e-02
1.529273999999999887e+03 5.229999999999999927e-02
1.531202999999999975e+03 5.229999999999999927e-02
1.533131000000000085e+03 5.229999999999999927e-02
1.535058999999999969e+03 5.229999999999999927e-02
1.536988000000000056e+03 5.229999999999999927e-02
1.538915999999999940e+03 5.249999999999999806e-02
1.540845000000000027e+03 5.240000000000000213e-02
1.542772999999999911e+03 5.229999999999999927e-02
1.544701999999999998e+03 5.220000000000000334e-02
1.546630000000000109e+03 5.210000000000000048e-02
1.548558999999999969e+03 5.210000000000000048e-02
1.550487000000000080e+03 5.210000000000000048e-02
1.552415999999999940e+03 5.210000000000000048e-02
1.554344000000000051e+03 5.210000000000000048e-02
1.556272999999999911e+03 5.210000000000000048e-02
1.558201000000000022e+03 5.229999999999999927e-02
1.560130000000000109e+03 5.220000000000000334e-02
1.562057999999999993e+03 5.199999999999999761e-02
1.563986000000000104e+03 5.190000000000000169e-02
1.565914999999999964e+03 5.179999999999999882e-02
1.567843000000000075e+03 5.179999999999999882e-02
1.569771999999999935e+03 5.179999999999999882e-02
1.571700000000000045e+03 5.170000000000000290e-02
1.573628999999999905e+03 5.170000000000000290e-02
1.575557000000000016e+03 5.179999999999999882e-02
1.577486000000000104e+03 5.170000000000000290e-02
1.579413999999999987e+03 5.149999999999999717e-02
1.581343000000000075e+03 5.149999999999999717e-02
1.583270999999999958e+03 5.140000000000000124e-02
1.585200000000000045e+03 5.140000000000000124e-02
1.587127999999999929e+03 5.129999999999999838e-02
1.589057000000000016e+03 5.120000000000000245e-02
1.590984999999999900e+03 5.120000000000000245e-02
1.592913000000000011e+03 5.109999999999999959e-02
1.594842000000000098e+03 5.090000000000000080e-02
1.596769999999999982e+03 5.090000000000000080e-02
1.598699000000000069e+03 5.079999999999999793e-02
1.600626999999999953e+03 5.079999999999999793e-02
1.602556000000000040e+03 5.070000000000000201e-02
1.604483999999999924e+03 5.050000000000000322e-02
1.606413000000000011e+03 5.040000000000000036e-02
1.608340999999999894e+03 5.029999999999999749e-02
1.610269999999999982e+03 5.020000000000000157e-02
1.612198000000000093e+03 5.009999999999999870e-02
1.614126999999999953e+03 5.000000000000000278e-02
1.616055000000000064e+03 5.009999999999999870e-02
1.617983999999999924e+03 4.989999999999999991e-02
1.619912000000000035e+03 4.970000000000000112e-02
1.621839999999999918e+03 4.959999999999999826e-02
1.623769000000000005e+03 4.950000000000000233e-02
1.625696999999999889e+03 4.939999999999999947e-02
1.627625999999999976e+03 4.939999999999999947e-02
1.629554000000000087e+03 4.929999999999999660e-02
1.631482999999999947e+03 4.920000000000000068e-02
1.633411000000000058e+03 4.929999999999999660e-02
1.635339999999999918e+03 4.939999999999999947e-02
1.637268000000000029e+03 4.929999999999999660e-02
1.639196999999999889e+03 4.920000000000000068e-02
1.641125000000000000e+03 4.920000000000000068e-02
1.643054000000000087e+03 4.920000000000000068e-02
1.644981999999999971e+03 4.929999999999999660e-02
1.646911000000000058e+03 4.929999999999999660e-02
1.648838999999999942e+03 4.929999999999999660e-02
1.650767000000000053e+03 4.939999999999999947e-02
1.652695999999999913e+03 4.959999999999999826e-02
1.654624000000000024e+03 4.950000000000000233e-02
1.656553000000000111e+03 4.939999999999999947e-02
1.658480999999999995e+03 4.939999999999999947e-02
1.660410000000000082e+03 4.950000000000000233e-02
1.662337999999999965e+03 4.959999999999999826e-02
1.664267000000000053e+03 4.970000000000000112e-02
1.666194999999999936e+03 4.970000000000000112e-02
1.668124000000000024e+03 4.979999999999999705e-02
1.670051999999999907e+03 4.989999999999999991e-02
1.671980999999999995e+03 5.000000000000000278e-02
1.673909000000000106e+03 5.009999999999999870e-02
1.675837999999999965e+03 5.020000000000000157e-02
1.677766000000000076e+03 5.020000000000000157e-02
1.679693999999999960e+03 5.029999999999999749e-02
1.681623000000000047e+03 5.040000000000000036e-02
1.683550999999999931e+03 5.070000000000000201e-02
1.685480000000000018e+03 5.079999999999999793e-02
1.687407999999999902e+03 5.070000000000000201e-02
1.689336999999999989e+03 5.070000000000000201e-02
1.691265000000000100e+03 5.079999999999999793e-02
1.693193999999999960e+03 5.099999999999999672e-02
1.695122000000000071e+03 5.109999999999999959e-02
1.697050999999999931e+03 5.120000000000000245e-02
1.698979000000000042e+03 5.129999999999999838e-02
1.700907999999999902e+03 5.140000000000000124e-02
1.702836000000000013e+03 5.129999999999999838e-02
1.704765000000000100e+03 5.140000000000000124e-02
1.706692999999999984e+03 5.140000000000000124e-02
1.708621000000000095e+03 5.140000000000000124e-02
1.710549999999999955e+03 5.149999999999999717e-02
1.712478000000000065e+03 5.149999999999999717e-02
1.714406999999999925e+03 5.160000000000000003e-02
1.716335000000000036e+03 5.179999999999999882e-02
1.718263999999999896e+03 5.179999999999999882e-02
1.720192000000000007e+03 5.160000000000000003e-02
1.722121000000000095e+03 5.160000000000000003e-02
1.724048999999999978e+03 5.170000000000000290e-02
1.725978000000000065e+03 5.160000000000000003e-02
1.727905999999999949e+03 5.170000000000000290e-02
1.729835000000000036e+03 5.170000000000000290e-02
1.731762999999999920e+03 5.179999999999999882e-02
1.733692000000000007e+03 5.199999999999999761e-02
1.735619999999999891e+03 5.190000000000000169e-02
1.737548000000000002e+03 5.179999999999999882e-02
1.739477000000000089e+03 5.190000000000000169e-02
1.741404999999999973e+03 5.199999999999999761e-02
1.743334000000000060e+03 5.210000000000000048e-02
1.745261999999999944e+03 5.210000000000000048e-02
1.747191000000000031e+03 5.220000000000000334e-02
1.749118999999999915e+03 5.229999999999999927e-02
1.751048000000000002e+03 5.229999999999999927e-02
1.752976000000000113e+03 5.229999999999999927e-02
1.754904999999999973e+03 5.229999999999999927e-02
1.756833000000000084e+03 5.240000000000000213e-02
1.758761999999999944e+03 5.240000000000000213e-02
1.760690000000000055e+03 5.240000000000000213e-02
1.762618999999999915e+03 5.240000000000000213e-02
1.764547000000000025e+03 5.229999999999999927e-02
1.766474999999999909e+03 5.240000000000000213e-02
1.768403999999999996e+03 5.240000000000000213e-02
1.770332000000000107e+03 5.249999999999999806e-02
1.772260999999999967e+03 5.249999999999999806e-02
1.774189000000000078e+03 5.240000000000000213e-02
1.776117999999999938e+03 5.229999999999999927e-02
1.778046000000000049e+03 5.229999999999999927e-02
1.779974999999999909e+03 5.240000000000000213e-02
1.781903000000000020e+03 5.240000000000000213e-02
1.783832000000000107e+03 5.240000000000000213e-02
1.785759999999999991e+03 5.240000000000000213e-02
1.787689000000000078e+03 5.229999999999999927e-02
1.789616999999999962e+03 5.240000000000000213e-02
1.791546000000000049e+03 5.240000000000000213e-02
1.793473999999999933e+03 5.240000000000000213e-02
1.795402000000000044e+03 5.240000000000000213e-02
1.797330999999999904e+03 5.229999999999999927e-02
1.799259000000000015e+03 5.240000000000000213e-02
1.801188000000000102e+03 5.240000000000000213e-02
1.803115999999999985e+03 5.229999999999999927e-02
1.805045000000000073e+03 5.229999999999999927e-02
1.806972999999999956e+03 5.240000000000000213e-02
1.808902000000000044e+03 5.229999999999999927e-02
1.810829999999999927e+03 5.229999999999999927e-02
1.812759000000000015e+03 5.229999999999999927e-02
1.814686999999999898e+03 5.229999999999999927e-02
1.816615999999999985e+03 5.229999999999999927e-02
1.818544000000000096e+03 5.229999999999999927e-02
1.820472999999999956e+03 5.229999999999999927e-02
1.822401000000000067e+03 5.229999999999999927e-02
1.824328999999999951e+03 5.229999999999999927e-02
1.826258000000000038e+03 5.229999999999999927e-02
1.828185999999999922e+03 5.229999999999999927e-02
1.830115000000000009e+03 5.229999999999999927e-02
1.832042999999999893e+03 5.220000000000000334e-02
1.833971999999999980e+03 5.220000000000000334e-02
1.835900000000000091e+03 5.220000000000000334e-02
1.837828999999999951e+03 5.220000000000000334e-02
1.839757000000000062e+03 5.220000000000000334e-02
1.841685999999999922e+03 5.220000000000000334e-02
1.843614000000000033e+03 5.220000000000000334e-02
1.845542999999999893e+03 5.220000000000000334e-02
1.847471000000000004e+03 5.210000000000000048e-02
1.849400000000000091e+03 5.210000000000000048e-02
1.851327999999999975e+03 5.210000000000000048e-02
1.853256000000000085e+03 5.210000000000000048e-02
1.855184999999999945e+03 5.210000000000000048e-02
1.857113000000000056e+03 5.210000000000000048e-02
1.859041999999999916e+03 5.210000000000000048e-02
1.860970000000000027e+03 5.199999999999999761e-02
1.862898999999999887e+03 5.199999999999999761e-02
1.864826999999999998e+03 5.210000000000000048e-02
1.866756000000000085e+03 5.210000000000000048e-02
1.868683999999999969e+03 5.210000000000000048e-02
1.870613000000000056e+03 5.210000000000000048e-02
1.872540999999999940e+03 5.199999999999999761e-02
1.874470000000000027e+03 5.199999999999999761e-02
1.876397999999999911e+03 5.199999999999999761e-02
1.878326999999999998e+03 5.199999999999999761e-02
1.880255000000000109e+03 5.190000000000000169e-02
1.882182999999999993e+03 5.199999999999999761e-02
1.884112000000000080e+03 5.199999999999999761e-02
1.886039999999999964e+03 5.199999999999999761e-02
1.887969000000000051e+03 5.199999999999999761e-02
1.889896999999999935e+03 5.199999999999999761e-02
1.891826000000000022e+03 5.190000000000000169e-02
1.893753999999999905e+03 5.190000000000000169e-02
1.895682999999999993e+03 5.190000000000000169e-02
1.897611000000000104e+03 5.190000000000000169e-02
1.899539999999999964e+03 5.190000000000000169e-02
1.901468000000000075e+03 5.190000000000000169e-02
1.903396999999999935e+03 5.179999999999999882e-02
1.905325000000000045e+03 5.179999999999999882e-02
1.907253999999999905e+03 5.190000000000000169e-02
1.909182000000000016e+03 5.190000000000000169e-02
1.911109999999999900e+03 5.179999999999999882e-02
1.913038999999999987e+03 5.179999999999999882e-02
1.914967000000000098e+03 5.179999999999999882e-02
1.916895999999999958e+03 5.179999999999999882e-02
1.918824000000000069e+03 5.179999999999999882e-02
1.920752999999999929e+03 5.170000000000000290e-02
1.922681000000000040e+03 5.170000000000000290e-02
1.924609999999999900e+03 5.170000000000000290e-02
1.926538000000000011e+03 5.170000000000000290e-02
1.928467000000000098e+03 5.170000000000000290e-02
1.930394999999999982e+03 5.170000000000000290e-02
1.932324000000000069e+03 5.170000000000000290e-02
1.934251999999999953e+03 5.160000000000000003e-02
1.936181000000000040e+03 5.160000000000000003e-02
1.938108999999999924e+03 5.170000000000000290e-02
1.940037000000000035e+03 5.170000000000000290e-02
1.941965999999999894e+03 5.170000000000000290e-02
1.943894000000000005e+03 5.160000000000000003e-02
1.945823000000000093e+03 5.149999999999999717e-02
1.947750999999999976e+03 5.160000000000000003e-02
1.949680000000000064e+03 5.149999999999999717e-02
1.951607999999999947e+03 5.149999999999999717e-02
1.953537000000000035e+03 5.149999999999999717e-02
1.955464999999999918e+03 5.140000000000000124e-02
1.957394000000000005e+03 5.140000000000000124e-02
1.959321999999999889e+03 5.149999999999999717e-02
1.961250999999999976e+03 5.149999999999999717e-02
1.963179000000000087e+03 5.149999999999999717e-02
1.965107999999999947e+03 5.140000000000000124e-02
1.967036000000000058e+03 5.140000000000000124e-02
1.968963999999999942e+03 5.140000000000000124e-02
1.970893000000000029e+03 5.129999999999999838e-02
1.972820999999999913e+03 5.129999999999999838e-02
1.974750000000000000e+03 5.129999999999999838e-02
1.976678000000000111e+03 5.129999999999999838e-02
1.978606999999999971e+03 5.129999999999999838e-02
1.980535000000000082e+03 5.129999999999999838e-02
1.982463999999999942e+03 5.129999999999999838e-02
1.984392000000000053e+03 5.129999999999999838e-02
1.986320999999999913e+03 5.120000000000000245e-02
1.988249000000000024e+03 5.120000000000000245e-02
1.990178000000000111e+03 5.120000000000000245e-02
1.992105999999999995e+03 5.120000000000000245e-02
1.994035000000000082e+03 5.120000000000000245e-02
1.995962999999999965e+03 5.120000000000000245e-02
1.997891000000000076e+03 5.109999999999999959e-02
1.999819999999999936e+03 5.109999999999999959e-02
