3.972810000000000059e+02 0.000000000000000000e+00
4.011380999999999517e+02 1.114136899999999919e+01
4.049952000000000112e+02 1.187812333333333292e+01
4.088523000000000138e+02 1.250801666666666456e+01
4.127094000000000165e+02 1.279562666666666892e+01
4.165665000000000759e+02 1.344983333333333242e+01
4.204236000000000217e+02 1.377720333333333258e+01
4.242807000000000244e+02 1.423833666666666709e+01
4.281378000000000270e+02 1.493190666666666822e+01
4.319948999999999728e+02 1.573842999999999925e+01
4.358520000000000323e+02 1.622350666666666541e+01
4.397090999999999781e+02 1.653402333333333374e+01
4.435661999999999807e+02 1.710006000000000270e+01
4.474232999999999834e+02 1.771679333333333162e+01
4.512803999999999292e+02 1.816873666666666409e+01
4.551374999999999886e+02 1.878060666666666734e+01
4.589945999999999913e+02 1.947022000000000119e+01
4.628516999999999939e+02 1.963545333333333076e+01
4.667086999999999648e+02 1.972927333333333166e+01
4.705658999999999992e+02 1.984809666666666672e+01
4.744229000000000269e+02 1.946092999999999762e+01
4.782801000000000045e+02 1.833351000000000042e+01
4.821370999999999754e+02 1.665769666666666637e+01
4.859943000000000097e+02 1.478898666666666628e+01
4.898512999999999806e+02 1.257962333333333227e+01
4.937083999999999833e+02 1.018145333333333191e+01
4.975656000000000745e+02 8.090458666666664911e+00
5.014226000000000454e+02 6.350776333333333135e+00
5.052796999999999912e+02 5.024290999999999840e+00
5.091367999999999938e+02 4.068857000000000390e+00
5.129939000000000533e+02 3.269486333333333494e+00
5.168509999999999991e+02 2.876409000000000216e+00
5.207080999999999449e+02 2.661340333333333419e+00
5.245652000000000044e+02 2.408058666666666792e+00
5.284222999999999502e+02 2.357311666666666472e+00
5.322794000000000096e+02 2.443693333333333495e+00
5.361364999999999554e+02 2.488379333333333054e+00
5.399936000000000149e+02 2.415803666666666683e+00
5.438506999999999607e+02 2.304397999999999502e+00
5.477078000000000202e+02 2.409885666666666815e+00
5.515648999999999660e+02 2.478633666666666624e+00
5.554220000000000255e+02 2.360861333333333700e+00
5.592790999999999713e+02 2.389241333333333106e+00
5.631362000000000307e+02 2.537867333333333253e+00
5.669932999999999765e+02 2.476674999999999738e+00
5.708504000000000360e+02 2.469408000000000047e+00
5.747074999999999818e+02 2.531758666666666713e+00
5.785646000000000413e+02 2.621139333333333710e+00
5.824216999999999871e+02 2.675801666666666634e+00
5.862788000000000466e+02 2.715912333333333262e+00
5.901358999999999924e+02 2.792964333333333382e+00
5.939930000000000518e+02 2.873765000000000125e+00
5.978500999999999976e+02 2.913261666666666638e+00
6.017071999999999434e+02 2.992711666666666659e+00
6.055643000000000029e+02 3.080279000000000433e+00
6.094213999999999487e+02 3.083590666666666369e+00
6.132784000000000333e+02 3.070470999999999950e+00
6.171355999999999540e+02 3.118936000000000153e+00
6.209927000000000135e+02 3.177119333333333628e+00
6.248496999999999844e+02 3.261986666666666590e+00
6.287068000000000438e+02 3.364013333333332856e+00
6.325639999999999645e+02 3.409839333333333666e+00
6.364210000000000491e+02 3.468136666666666645e+00
6.402780999999999949e+02 3.549640000000000128e+00
6.441353000000000293e+02 3.596804333333333048e+00
6.479923000000000002e+02 3.703032333333332815e+00
6.518493999999999460e+02 3.825091000000000019e+00
6.557065000000000055e+02 3.861114999999999853e+00
6.595635999999999513e+02 3.860388666666666690e+00
6.634207000000000107e+02 3.898847333333333776e+00
6.672777999999999565e+02 4.002168666666666930e+00
6.711349000000000160e+02 4.065081666666666926e+00
6.749919999999999618e+02 4.126677333333333308e+00
6.788491000000000213e+02 4.235617666666666281e+00
6.827061999999999671e+02 4.331366000000000049e+00
6.865634000000000015e+02 4.363791666666666735e+00
6.904203999999999724e+02 4.395289000000000001e+00
6.942775000000000318e+02 4.448632666666666680e+00
6.981345999999999776e+02 4.546038666666667005e+00
7.019917000000000371e+02 4.618532666666666842e+00
7.058488000000000966e+02 4.604034000000000404e+00
7.097059000000000424e+02 4.567490666666666144e+00
7.135629999999999882e+02 4.574010333333333733e+00
7.174199999999999591e+02 4.598018666666665588e+00
7.212771999999999935e+02 4.651915333333334068e+00
7.251343000000000529e+02 4.686175666666666295e+00
7.289913999999999987e+02 4.692226333333333166e+00
7.328484999999999445e+02 4.697558666666666660e+00
7.367055999999998903e+02 4.725137333333333522e+00
7.405626999999999498e+02 4.737012666666667648e+00
7.444198000000000093e+02 4.734946666666666637e+00
7.482768999999999551e+02 4.800149000000000221e+00
7.521340000000000146e+02 4.832685000000000564e+00
7.559910999999998467e+02 4.851429999999999687e+00
7.598481000000000449e+02 4.919365333333333368e+00
7.637052999999999656e+02 4.994603333333333062e+00
7.675624000000001388e+02 5.009897999999999740e+00
7.714194000000001097e+02 5.039601333333333599e+00
7.752766000000000304e+02 5.108931999999999363e+00
7.791336999999999762e+02 5.075047333333333022e+00
7.829906999999999471e+02 5.031481999999999566e+00
7.868478000000000065e+02 4.971597999999999296e+00
7.907050000000000409e+02 4.836079666666666554e+00
7.945620000000000118e+02 4.708995666666665691e+00
7.984190999999999576e+02 4.653988666666666774e+00
8.022761999999999034e+02 4.594885333333333932e+00
8.061332999999999629e+02 4.476493333333333879e+00
8.099904000000000224e+02 4.350898666666666692e+00
8.138474999999999682e+02 4.291474333333333391e+00
8.177046000000000276e+02 4.239035666666666202e+00
8.215616999999998598e+02 4.193535333333333170e+00
8.254188000000000329e+02 4.164965666666666344e+00
8.292758999999999787e+02 4.176912666666666496e+00
8.331330000000001519e+02 4.255524999999999558e+00
8.369900999999999840e+02 4.364889999999999937e+00
8.408472000000000435e+02 4.470511333333333504e+00
8.447042999999999893e+02 4.642182333333333411e+00
8.485614000000000487e+02 4.834827000000000652e+00
8.524185000000001082e+02 5.000713000000000186e+00
8.562756000000000540e+02 5.213053666666667141e+00
8.601326999999999998e+02 5.405810999999999922e+00
8.639896999999999707e+02 5.532862333333333105e+00
8.678469000000000051e+02 5.662519333333333016e+00
8.717040000000000646e+02 5.803989666666666380e+00
8.755611000000000104e+02 5.999591333333333942e+00
8.794181999999999562e+02 6.220999666666666705e+00
8.832752999999999020e+02 6.410352666666665478e+00
8.871323999999999614e+02 6.582529999999999326e+00
8.909895000000000209e+02 6.764914000000000094e+00
8.948465999999999667e+02 6.977385000000000836e+00
8.987037000000000262e+02 7.174299000000000426e+00
9.025607999999998583e+02 7.363262333333332244e+00
9.064178000000000566e+02 7.564292000000000904e+00
9.102749999999999773e+02 7.783678333333333477e+00
9.141321000000001504e+02 8.013720666666666048e+00
9.179891000000001213e+02 8.258311666666665829e+00
9.218463000000000420e+02 8.518582333333332812e+00
9.257033999999999878e+02 8.771412666666668301e+00
9.295603999999999587e+02 9.064175333333333029e+00
9.334175000000000182e+02 9.337086999999998582e+00
9.372747000000000526e+02 9.640418000000000376e+00
9.411317000000000235e+02 9.957746333333334476e+00
9.449887999999999693e+02 1.025235733333333421e+01
9.488458999999999151e+02 1.058780666666666725e+01
9.527029999999999745e+02 1.098222666666666747e+01
9.565601000000000340e+02 1.135014000000000145e+01
9.604171999999999798e+02 1.170687000000000033e+01
9.642743000000000393e+02 1.207469333333333417e+01
9.681313999999998714e+02 1.247181666666666899e+01
9.719885000000000446e+02 1.285748333333333271e+01
9.758455999999999904e+02 1.323568999999999996e+01
9.797027000000001635e+02 1.364953666666666798e+01
9.835597999999999956e+02 1.407801333333333638e+01
9.874169000000000551e+02 1.445313999999999943e+01
9.912740000000000009e+02 1.481149333333333296e+01
9.951310999999999467e+02 1.518398333333333206e+01
9.989882000000001199e+02 1.557913666666666508e+01
1.002844999999999914e+03 1.596753333333333380e+01
1.006701999999999884e+03 1.634731999999999985e+01
1.010559999999999945e+03 1.673303333333333498e+01
1.014417000000000030e+03 1.712480333333333249e+01
1.018274000000000001e+03 1.747827333333333399e+01
1.022130999999999972e+03 1.786200333333333390e+01
1.025988000000000056e+03 1.826807000000000158e+01
1.029845000000000027e+03 1.864769000000000077e+01
1.033701999999999998e+03 1.902851666666666475e+01
1.037558999999999969e+03 1.940166999999999931e+01
1.041415999999999940e+03 1.975728333333333353e+01
1.045272999999999911e+03 2.015970333333333286e+01
1.049130000000000109e+03 2.056530333333333260e+01
1.052988000000000056e+03 2.099306666666666743e+01
1.056845000000000027e+03 2.146296999999999855e+01
1.060701999999999998e+03 2.189915333333333436e+01
1.064558999999999969e+03 2.232074333333333627e+01
1.068415999999999940e+03 2.276243333333333396e+01
1.072272999999999911e+03 2.314825000000000088e+01
1.076130000000000109e+03 2.350786999999999694e+01
1.079987000000000080e+03 2.380143333333333189e+01
1.083844000000000051e+03 2.398496666666666499e+01
1.087701000000000022e+03 2.400861333333333292e+01
1.091558999999999969e+03 2.383212333333333177e+01
1.095415999999999940e+03 2.345474333333333661e+01
1.099272999999999911e+03 2.290806999999999860e+01
1.103130000000000109e+03 2.216003999999999863e+01
1.106987000000000080e+03 2.125537000000000276e+01
1.110844000000000051e+03 2.031009000000000242e+01
1.114701000000000022e+03 1.942355999999999838e+01
1.118557999999999993e+03 1.858675666666666970e+01
1.122414999999999964e+03 1.780976666666666475e+01
1.126271999999999935e+03 1.707938000000000045e+01
1.130130000000000109e+03 1.638808666666666625e+01
1.133987000000000080e+03 1.579139666666666564e+01
1.137844000000000051e+03 1.526604999999999990e+01
1.141701000000000022e+03 1.477788333333333348e+01
1.145557999999999993e+03 1.434726000000000035e+01
1.149414999999999964e+03 1.396092666666666737e+01
1.153271999999999935e+03 1.361052666666666688e+01
1.157128999999999905e+03 1.329189000000000043e+01
1.160986000000000104e+03 1.302779000000000131e+01
1.164843000000000075e+03 1.278065333333333342e+01
1.168700000000000045e+03 1.255498333333333250e+01
1.172557999999999993e+03 1.235829333333333402e+01
1.176414999999999964e+03 1.216054333333333126e+01
1.180271999999999935e+03 1.196731333333333502e+01
1.184128999999999905e+03 1.179273333333333262e+01
1.187986000000000104e+03 1.163925666666666814e+01
1.191843000000000075e+03 1.148998000000000097e+01
1.195700000000000045e+03 1.130241666666666767e+01
1.199557000000000016e+03 1.109826333333333359e+01
1.203413999999999987e+03 1.088766999999999996e+01
1.207270999999999958e+03 1.065090333333333206e+01
1.211128999999999905e+03 1.036904000000000003e+01
1.214986000000000104e+03 1.004963933333333337e+01
1.218843000000000075e+03 9.648976333333331823e+00
1.222700000000000045e+03 9.171984333333332629e+00
1.226557000000000016e+03 8.642264666666667594e+00
1.230413999999999987e+03 8.026370999999999256e+00
1.234270999999999958e+03 7.291273666666666209e+00
1.238127999999999929e+03 6.411995000000000111e+00
1.241984999999999900e+03 5.393735666666667150e+00
1.245842000000000098e+03 4.362877333333332608e+00
1.249699000000000069e+03 3.431419333333333821e+00
1.253557000000000016e+03 2.643566666666666620e+00
1.257413999999999987e+03 2.018440333333333392e+00
1.261270999999999958e+03 1.540638333333333110e+00
1.265127999999999929e+03 1.201460333333333352e+00
1.268984999999999900e+03 9.648632666666667745e-01
1.272842000000000098e+03 7.828200666666665919e-01
1.276699000000000069e+03 6.508454333333332231e-01
1.280556000000000040e+03 5.596636000000000388e-01
1.284413000000000011e+03 4.881069000000000102e-01
1.288270999999999958e+03 3.985842666666666312e-01
1.292127999999999929e+03 3.468378999999999768e-01
1.295984999999999900e+03 3.385989666666666675e-01
1.299842000000000098e+03 3.190845999999999960e-01
1.303699000000000069e+03 2.955995333333333308e-01
1.307556000000000040e+03 2.990120666666666871e-01
1.311413000000000011e+03 3.151906999999999903e-01
1.315269999999999982e+03 3.122836666666666261e-01
1.319126999999999953e+03 2.928779333333333401e-01
1.322983999999999924e+03 2.847486666666667054e-01
1.326842000000000098e+03 2.941750999999999672e-01
1.330698000000000093e+03 3.288040999999999880e-01
1.334556000000000040e+03 3.646596666666666597e-01
1.338413000000000011e+03 3.891709333333333021e-01
1.342269999999999982e+03 3.946183999999999803e-01
1.346126999999999953e+03 3.903480666666667154e-01
1.349983999999999924e+03 4.098664999999999670e-01
1.353840999999999894e+03 4.346980666666666604e-01
1.357698000000000093e+03 4.633643666666666938e-01
1.361555000000000064e+03 4.990775333333333230e-01
1.365412000000000035e+03 5.299476333333332789e-01
1.369269999999999754e+03 5.513537333333333734e-01
1.373126999999999725e+03 5.605279333333333946e-01
1.376983999999999696e+03 5.615386666666667415e-01
1.380840999999999667e+03 5.715271333333333814e-01
1.384698000000000093e+03 6.011261999999999439e-01
1.388555000000000064e+03 6.298398000000000607e-01
1.392412000000000035e+03 6.595186333333333817e-01
1.396269000000000005e+03 6.931568000000000174e-01
1.400125999999999976e+03 7.056627333333332919e-01
1.403982999999999947e+03 7.245202000000000586e-01
1.407840999999999667e+03 7.438785000000001091e-01
1.411698000000000093e+03 7.402783333333333715e-01
1.415555000000000064e+03 7.423926666666668117e-01
1.419412000000000035e+03 7.642883666666665521e-01
1.423269000000000005e+03 7.944780666666666491e-01
1.427125999999999976e+03 8.119796333333333394e-01
1.430982999999999947e+03 8.354296333333333102e-01
1.434839999999999918e+03 8.672036333333332792e-01
1.438696999999999889e+03 8.771212333333333611e-01
1.442554000000000087e+03 8.703191666666666437e-01
1.446411000000000058e+03 8.855067999999999273e-01
1.450269000000000005e+03 9.159749333333334631e-01
1.454125999999999976e+03 9.384258000000000877e-01
1.457982999999999947e+03 9.607927666666666866e-01
1.461839999999999918e+03 9.611784666666666199e-01
1.465696999999999889e+03 9.615128333333333721e-01
1.469554000000000087e+03 9.878253000000000172e-01
1.473411000000000058e+03 1.010817166666666767e+00
1.477268000000000029e+03 1.011921966666666561e+00
1.481125000000000000e+03 1.028578066666666624e+00
1.484981999999999971e+03 1.044881333333333329e+00
1.488839999999999918e+03 1.077941666666666576e+00
1.492696999999999889e+03 1.100611333333333386e+00
1.496554000000000087e+03 1.103078999999999921e+00
1.500411000000000058e+03 1.113493333333333224e+00
1.504268000000000029e+03 1.134688999999999837e+00
1.508125000000000000e+03 1.152801333333333345e+00
1.511981999999999971e+03 1.153442999999999996e+00
1.515838999999999942e+03 1.165171666666666717e+00
1.519695999999999913e+03 1.175066333333333324e+00
1.523553000000000111e+03 1.187032333333333467e+00
1.527411000000000058e+03 1.203862333333333368e+00
1.531268000000000029e+03 1.233910999999999980e+00
1.535125000000000000e+03 1.253230666666666826e+00
1.538981999999999971e+03 1.277274333333333400e+00
1.542838999999999942e+03 1.299753666666666696e+00
1.546695999999999913e+03 1.302952333333333490e+00
1.550553000000000111e+03 1.308663333333333290e+00
1.554410000000000082e+03 1.334625666666666710e+00
1.558267000000000053e+03 1.392825000000000202e+00
1.562124000000000024e+03 1.381987999999999994e+00
1.565981999999999971e+03 1.349040666666666555e+00
1.569838999999999942e+03 1.357852333333333439e+00
1.573695999999999913e+03 1.372312333333333356e+00
1.577553000000000111e+03 1.399365333333333128e+00
1.581410000000000082e+03 1.420403333333333462e+00
1.585267000000000053e+03 1.421825000000000117e+00
1.589124000000000024e+03 1.417997999999999870e+00
1.592980999999999995e+03 1.424526333333333339e+00
1.596837999999999965e+03 1.449426666666666641e+00
1.600694999999999936e+03 1.458872666666666928e+00
1.604551999999999907e+03 1.459598333333333331e+00
1.608410000000000082e+03 1.473745666666666621e+00
1.612267000000000053e+03 1.495073333333333254e+00
1.616124000000000024e+03 1.519606333333333170e+00
1.619980999999999995e+03 1.525850666666666910e+00
1.623837999999999965e+03 1.524464666666666801e+00
1.627694999999999936e+03 1.524658666666666607e+00
1.631551999999999907e+03 1.546351999999999949e+00
1.635409000000000333e+03 1.566853666666666811e+00
1.639266000000000304e+03 1.553641999999999967e+00
1.643123000000000275e+03 1.540017666666666729e+00
1.646980999999999995e+03 1.548972000000000016e+00
1.650837999999999965e+03 1.583738666666666406e+00
1.654694999999999936e+03 1.601287333333333507e+00
1.658551999999999907e+03 1.597873666666666637e+00
1.662409000000000333e+03 1.601780666666666519e+00
1.666266000000000304e+03 1.609146666666666725e+00
1.670123000000000275e+03 1.612491666666666434e+00
1.673980000000000246e+03 1.625133333333333319e+00
1.677837000000000216e+03 1.634345333333333317e+00
1.681694000000000187e+03 1.644785333333333321e+00
1.685551999999999907e+03 1.653665333333333542e+00
1.689409000000000333e+03 1.637312666666666416e+00
1.693266000000000304e+03 1.652853666666666443e+00
1.697123000000000275e+03 1.678240999999999872e+00
1.700980000000000246e+03 1.691859666666666540e+00
1.704837000000000216e+03 1.687642333333333466e+00
1.708694000000000187e+03 1.673068666666666537e+00
1.712551000000000158e+03 1.694126333333333179e+00
1.716408000000000129e+03 1.733015999999999890e+00
1.720265000000000100e+03 1.715430333333333168e+00
1.724123000000000275e+03 1.692001333333333468e+00
1.727980000000000246e+03 1.697106000000000003e+00
1.731837000000000216e+03 1.720819333333333256e+00
1.735694000000000187e+03 1.740580000000000238e+00
1.739551000000000158e+03 1.758281333333333363e+00
1.743408000000000129e+03 1.763166666666666771e+00
1.747265000000000100e+03 1.761347666666666534e+00
1.751122000000000071e+03 1.775983666666666849e+00
1.754979000000000042e+03 1.773837666666666424e+00
1.758836000000000013e+03 1.756679333333333259e+00
1.762692999999999984e+03 1.754936333333333209e+00
1.766551000000000158e+03 1.770722000000000129e+00
1.770408000000000129e+03 1.787009000000000070e+00
1.774265000000000100e+03 1.798046333333333413e+00
1.778122000000000071e+03 1.803493666666666551e+00
1.781979000000000042e+03 1.806075333333333477e+00
1.785836000000000013e+03 1.803997666666666611e+00
1.789692999999999984e+03 1.803384000000000098e+00
1.793549999999999955e+03 1.801497333333333062e+00
1.797406999999999925e+03 1.816710666666666585e+00
1.801263999999999896e+03 1.842322000000000015e+00
1.805122000000000071e+03 1.846851666666666780e+00
1.808979000000000042e+03 1.844290666666666523e+00
1.812836000000000013e+03 1.840269333333333535e+00
1.816692999999999984e+03 1.845740333333333316e+00
1.820549999999999955e+03 1.855726666666666524e+00
1.824406999999999925e+03 1.847063666666666881e+00
1.828263999999999896e+03 1.835536666666666816e+00
1.832121000000000095e+03 1.836800666666666748e+00
1.835978000000000065e+03 1.848081666666666623e+00
1.839835000000000036e+03 1.858346000000000053e+00
1.843692999999999984e+03 1.867283999999999944e+00
1.847549999999999955e+03 1.861745333333333363e+00
1.851406999999999925e+03 1.867695666666666865e+00
1.855263999999999896e+03 1.877144999999999841e+00
1.859121000000000095e+03 1.883193999999999813e+00
1.862978000000000065e+03 1.897115999999999802e+00
1.866835000000000036e+03 1.911065999999999931e+00
1.870692000000000007e+03 1.916877666666666924e+00
1.874548999999999978e+03 1.914691666666666903e+00
1.878405999999999949e+03 1.916917999999999900e+00
1.882263999999999896e+03 1.916671666666666773e+00
1.886121000000000095e+03 1.918524666666666656e+00
1.889978000000000065e+03 1.923962999999999868e+00
1.893835000000000036e+03 1.926339333333333181e+00
1.897692000000000007e+03 1.933561000000000085e+00
1.901548999999999978e+03 1.938277999999999723e+00
1.905405999999999949e+03 1.935469666666666866e+00
1.909262999999999920e+03 1.931736000000000120e+00
1.913119999999999891e+03 1.939190999999999887e+00
1.916977000000000089e+03 1.953488666666666873e+00
1.920834000000000060e+03 1.959377666666666684e+00
1.924692000000000007e+03 1.953049333333333415e+00
1.928548999999999978e+03 1.950693333333333390e+00
1.932405999999999949e+03 1.969173666666666378e+00
1.936262999999999920e+03 1.984723666666666553e+00
1.940119999999999891e+03 1.985034666666666725e+00
1.943977000000000089e+03 1.994895666666666623e+00
1.947834000000000060e+03 2.001856999999999775e+00
1.951691000000000031e+03 1.997866666666666902e+00
1.955548000000000002e+03 2.010034333333333478e+00
1.959404999999999973e+03 2.014982333333333653e+00
1.963262999999999920e+03 2.008372666666666806e+00
1.967119999999999891e+03 2.007950333333333504e+00
1.970977000000000089e+03 2.010597333333333570e+00
1.974834000000000060e+03 2.019276333333333451e+00
1.978691000000000031e+03 2.025254333333333268e+00
1.982548000000000002e+03 2.028805666666666507e+00
1.986404999999999973e+03 2.029643999999999782e+00
1.990261999999999944e+03 2.035699666666666463e+00
1.994118999999999915e+03 2.034756666666666547e+00
1.997975999999999885e+03 2.033066333333333642e+00
2.001832999999999856e+03 2.039972000000000119e+00
2.005691000000000031e+03 2.043285333333332954e+00
2.009548000000000002e+03 2.038893333333333668e+00
2.013404999999999973e+03 2.032390333333333299e+00
2.017261999999999944e+03 2.029683333333333284e+00
2.021118999999999915e+03 2.033245333333333349e+00
2.024975999999999885e+03 2.037047333333333654e+00
2.028832999999999856e+03 2.043122000000000327e+00
2.032689999999999827e+03 2.049826666666666686e+00
2.036546999999999798e+03 2.048687333333333527e+00
2.040404999999999973e+03 2.049570999999999810e+00
2.044261999999999944e+03 2.050520666666666880e+00
2.048119000000000142e+03 2.055451000000000139e+00
2.051976000000000113e+03 2.064171333333333802e+00
2.055833000000000084e+03 2.068160999999999916e+00
2.059690000000000055e+03 2.069573000000000107e+00
2.063547000000000025e+03 2.074974666666666856e+00
2.067403999999999996e+03 2.088255000000000194e+00
2.071260999999999967e+03 2.089954333333333469e+00
2.075117999999999938e+03 2.085774333333333619e+00
2.078976000000000113e+03 2.093488666666666997e+00
2.082833000000000084e+03 2.103688666666666762e+00
2.086690000000000055e+03 2.098692666666666540e+00
2.090547000000000025e+03 2.093674666666666351e+00
2.094403999999999996e+03 2.097018333333333207e+00
2.098260999999999967e+03 2.098281000000000063e+00
2.102117999999999938e+03 2.096936666666666227e+00
2.105974999999999909e+03 2.092699666666666847e+00
2.109831999999999880e+03 2.094896333333333249e+00
2.113688999999999851e+03 2.105344333333333484e+00
2.117545999999999822e+03 2.108837333333333230e+00
2.121403999999999996e+03 2.108776333333333586e+00
2.125260999999999967e+03 2.112017333333333635e+00
2.129117999999999938e+03 2.118456666666666877e+00
2.132974999999999909e+03 2.127475666666666765e+00
2.136831999999999880e+03 2.130698999999999899e+00
2.140688999999999851e+03 2.133625333333333263e+00
2.144545999999999822e+03 2.137758333333333649e+00
2.148402999999999793e+03 2.140781000000000045e+00
2.152260000000000218e+03 2.145766999999999758e+00
2.156117000000000189e+03 2.142672999999999828e+00
2.159974999999999909e+03 2.136408333333333243e+00
2.163831999999999880e+03 2.142111999999999572e+00
2.167688999999999851e+03 2.132342333333333340e+00
2.171545999999999822e+03 2.129523999999999972e+00
2.175402999999999793e+03 2.141905333333333328e+00
2.179260000000000218e+03 2.151954666666666682e+00
2.183117000000000189e+03 2.167968333333333053e+00
2.186974000000000160e+03 2.179603666666666495e+00
2.190831000000000131e+03 2.184031333333333436e+00
2.194688000000000102e+03 2.186165666666667118e+00
2.198545000000000073e+03 2.194265333333333512e+00
2.202402999999999793e+03 2.199911333333333108e+00
2.206260000000000218e+03 2.200137999999999483e+00
2.210117000000000189e+03 2.204282666666666834e+00
2.213974000000000160e+03 2.206122000000000138e+00
2.217831000000000131e+03 2.207603666666666964e+00
2.221688000000000102e+03 2.206919333333333455e+00
2.225545000000000073e+03 2.201844333333333736e+00
2.229402000000000044e+03 2.200852999999999948e+00
2.233259000000000015e+03 2.204904666666666291e+00
2.237115999999999985e+03 2.212204999999999977e+00
2.240974000000000160e+03 2.218199999999999950e+00
2.244831000000000131e+03 2.221567666666666607e+00
2.248688000000000102e+03 2.229596000000000355e+00
2.252545000000000073e+03 2.236458333333333215e+00
2.256402000000000044e+03 2.235943333333333172e+00
2.260259000000000015e+03 2.238688333333333613e+00
2.264115999999999985e+03 2.242312999999999779e+00
2.267972999999999956e+03 2.235310999999999826e+00
2.271829999999999927e+03 2.232301000000000091e+00
2.275688000000000102e+03 2.242335999999999885e+00
2.279543999999999869e+03 2.247264333333333308e+00
2.283402000000000044e+03 2.244834000000000440e+00
2.287259000000000015e+03 2.248738333333333284e+00
2.291115999999999985e+03 2.259958333333333069e+00
2.294972999999999956e+03 2.271463999999999928e+00
2.298829999999999927e+03 2.276073666666666551e+00
2.302686999999999898e+03 2.285305999999999838e+00
2.306543999999999869e+03 2.299875999999999809e+00
2.310400999999999840e+03 2.303141666666666421e+00
2.314257999999999811e+03 2.313000333333333103e+00
2.318114999999999782e+03 2.331726666666666503e+00
2.321972999999999956e+03 2.346074666666666975e+00
2.325829999999999927e+03 2.370394999999999808e+00
2.329686999999999898e+03 2.383774000000000282e+00
2.333543999999999869e+03 2.377634666666666785e+00
2.337400999999999840e+03 2.387373000000000189e+00
2.341257999999999811e+03 2.410947333333333109e+00
2.345114999999999782e+03 2.388615999999999850e+00
2.348972000000000207e+03 2.348966666666666647e+00
2.352829000000000178e+03 2.382137000000000171e+00
2.356686999999999898e+03 2.427450333333333266e+00
2.360543000000000120e+03 2.429636666666666667e+00
2.364400999999999840e+03 2.422560000000000269e+00
2.368257999999999811e+03 2.398419666666666838e+00
2.372114999999999782e+03 2.365149000000000168e+00
2.375972000000000207e+03 2.341366999999999976e+00
2.379829000000000178e+03 2.328780666666666832e+00
2.383686000000000149e+03 2.318630999999999887e+00
2.387543000000000120e+03 2.308677666666666628e+00
2.391400000000000091e+03 2.299368333333333236e+00
2.395257000000000062e+03 2.300675999999999721e+00
2.399114999999999782e+03 2.315761999999999876e+00
2.402972000000000207e+03 2.319013000000000435e+00
2.406829000000000178e+03 2.304393000000000136e+00
2.410686000000000149e+03 2.296478000000000019e+00
2.414543000000000120e+03 2.310506666666666487e+00
2.418400000000000091e+03 2.319430666666666863e+00
2.422257000000000062e+03 2.319881333333333462e+00
2.426114000000000033e+03 2.323688333333333134e+00
2.429971000000000004e+03 2.319872333333333092e+00
2.433827999999999975e+03 2.323553666666666739e+00
2.437686000000000149e+03 2.334186000000000316e+00
2.441541999999999916e+03 2.325944333333333169e+00
2.445400000000000091e+03 2.319794666666666672e+00
2.449257000000000062e+03 2.319330666666667096e+00
2.453114000000000033e+03 2.323991333333333298e+00
2.456971000000000004e+03 2.333211333333333304e+00
2.460827999999999975e+03 2.340545666666666857e+00
2.464684999999999945e+03 2.340430000000000010e+00
2.468541999999999916e+03 2.349942666666666735e+00
2.472398999999999887e+03 2.363121333333333407e+00
2.476257000000000062e+03 2.356108666666666629e+00
2.480114000000000033e+03 2.347030666666666487e+00
2.483971000000000004e+03 2.345266333333333453e+00
2.487827999999999975e+03 2.338711333333333364e+00
2.491684999999999945e+03 2.352565666666666555e+00
2.495541999999999916e+03 2.362837999999999994e+00
2.499398999999999887e+03 2.361538666666666675e+00
2.503255999999999858e+03 2.360259666666666423e+00
2.507112999999999829e+03 2.352590000000000181e+00
2.510969999999999800e+03 2.353209333333333486e+00
2.514827000000000226e+03 2.355820000000000025e+00
2.518684999999999945e+03 2.365813333333333546e+00
2.522541999999999916e+03 2.362417333333333591e+00
2.526398999999999887e+03 2.353397999999999879e+00
2.530255999999999858e+03 2.365582666666666611e+00
2.534112999999999829e+03 2.379994666666666703e+00
2.537969999999999800e+03 2.368255333333333379e+00
2.541827000000000226e+03 2.359665000000000123e+00
2.545684000000000196e+03 2.368164999999999853e+00
2.549541000000000167e+03 2.366238999999999759e+00
2.553398000000000138e+03 2.364186999999999816e+00
2.557255999999999858e+03 2.368258666666666290e+00
2.561112999999999829e+03 2.368196666666666506e+00
2.564969999999999800e+03 2.363367666666666977e+00
2.568827000000000226e+03 2.366867666666666814e+00
2.572684000000000196e+03 2.371969333333333818e+00
2.576541000000000167e+03 2.374340333333333053e+00
2.580398000000000138e+03 2.379570999999999881e+00
2.584255000000000109e+03 2.381105333333333629e+00
2.588112000000000080e+03 2.388935333333333411e+00
2.591969000000000051e+03 2.401026000000000327e+00
2.595826000000000022e+03 2.408954333333333420e+00
2.599684000000000196e+03 2.411962666666666699e+00
2.603541000000000167e+03 2.407667666666666761e+00
2.607398000000000138e+03 2.402224333333333295e+00
2.611255000000000109e+03 2.404520333333333593e+00
2.615112000000000080e+03 2.405767333333332925e+00
2.618969000000000051e+03 2.405909666666666613e+00
2.622826000000000022e+03 2.406262666666666661e+00
2.626682999999999993e+03 2.416646333333333008e+00
2.630539999999999964e+03 2.413445999999999980e+00
2.634396999999999935e+03 2.400858666666666696e+00
2.638255000000000109e+03 2.394447666666666752e+00
2.642112000000000080e+03 2.400690666666666750e+00
2.645969000000000051e+03 2.426347666666666569e+00
2.649826000000000022e+03 2.440347999999999740e+00
2.653682999999999993e+03 2.421469000000000094e+00
2.657539999999999964e+03 2.410738000000000270e+00
2.661396999999999935e+03 2.418136666666666823e+00
2.665253999999999905e+03 2.427583666666666584e+00
2.669110999999999876e+03 2.437638000000000194e+00
2.672969000000000051e+03 2.444565000000000321e+00
2.676826000000000022e+03 2.447808666666666522e+00
2.680682999999999993e+03 2.435756000000000032e+00
2.684539999999999964e+03 2.420114333333333700e+00
2.688396999999999935e+03 2.425639333333333258e+00
2.692253999999999905e+03 2.423901666666666621e+00
2.696110999999999876e+03 2.429826333333333199e+00
2.699967999999999847e+03 2.431831666666667058e+00
2.703824999999999818e+03 2.437064333333333277e+00
2.707681999999999789e+03 2.452160000000000117e+00
2.711539999999999964e+03 2.454953333333333543e+00
2.715396000000000186e+03 2.445710333333332986e+00
2.719253999999999905e+03 2.445242666666666675e+00
2.723110999999999876e+03 2.440598000000000045e+00
2.726967999999999847e+03 2.442042333333333648e+00
2.730824999999999363e+03 2.445750333333333248e+00
2.734681999999999334e+03 2.452762333333333711e+00
2.738539000000000215e+03 2.466531666666666567e+00
2.742396000000000186e+03 2.468547333333333427e+00
2.746253000000000156e+03 2.452834333333333117e+00
2.750110000000000127e+03 2.439950666666666823e+00
2.753967999999999392e+03 2.447967666666666986e+00
2.757824999999999363e+03 2.458272666666667217e+00
2.761681999999999334e+03 2.457752999999999854e+00
2.765539000000000215e+03 2.455300333333333196e+00
2.769396000000000186e+03 2.450088666666666359e+00
2.773253000000000156e+03 2.455092999999999748e+00
2.777110000000000127e+03 2.455841333333333321e+00
2.780967000000000098e+03 2.456951666666666423e+00
2.784824000000000069e+03 2.462256000000000000e+00
2.788681000000000040e+03 2.463038333333333441e+00
2.792539000000000215e+03 2.455758666666666645e+00
2.796396000000000186e+03 2.457829333333333199e+00
2.800253000000000156e+03 2.472443000000000168e+00
2.804110000000000127e+03 2.474687666666666619e+00
2.807967000000000098e+03 2.478897333333333286e+00
2.811824000000000069e+03 2.493168666666666589e+00
2.815681000000000040e+03 2.497301666666666531e+00
2.819538000000000011e+03 2.488148000000000248e+00
2.823394999999999982e+03 2.485231999999999886e+00
2.827251999999999953e+03 2.484251666666666747e+00
2.831108999999999924e+03 2.485208000000000084e+00
2.834967000000000098e+03 2.486257999999999857e+00
2.838824000000000069e+03 2.500146333333333359e+00
2.842681000000000040e+03 2.520954666666666455e+00
2.846538000000000011e+03 2.522381666666666522e+00
2.850394999999999982e+03 2.513283666666666694e+00
2.854251999999999953e+03 2.510727666666666469e+00
2.858108999999999924e+03 2.501682999999999879e+00
2.861965999999999894e+03 2.492116000000000220e+00
2.865822999999999865e+03 2.494644000000000528e+00
2.869679999999999836e+03 2.512013333333333431e+00
2.873538000000000011e+03 2.514967333333333332e+00
2.877394999999999982e+03 2.512302666666666795e+00
2.881251999999999953e+03 2.509341999999999739e+00
2.885108999999999924e+03 2.505248666666666235e+00
2.888965999999999894e+03 2.508989333333333516e+00
2.892822999999999865e+03 2.510232333333333177e+00
2.896679999999999836e+03 2.505498999999999921e+00
2.900536999999999807e+03 2.516550999999999760e+00
2.904393999999999778e+03 2.533672999999999842e+00
2.908251000000000204e+03 2.541748999999999814e+00
2.912108000000000175e+03 2.550422333333333125e+00
2.915965999999999894e+03 2.573102333333332936e+00
2.919822999999999865e+03 2.592294000000000320e+00
2.923679999999999836e+03 2.578822999999999865e+00
2.927536999999999807e+03 2.563930000000000042e+00
2.931393999999999778e+03 2.549138333333333506e+00
2.935251000000000204e+03 2.522213000000000260e+00
2.939108000000000175e+03 2.504651000000000405e+00
2.942965000000000146e+03 2.494705333333333552e+00
2.946822000000000116e+03 2.496686666666666721e+00
2.950679000000000087e+03 2.498852999999999991e+00
2.954536999999999807e+03 2.502247333333333490e+00
2.958393999999999778e+03 2.507922333333333142e+00
2.962251000000000204e+03 2.503661999999999832e+00
2.966108000000000175e+03 2.496020666666666887e+00
2.969965000000000146e+03 2.500874000000000041e+00
2.973822000000000116e+03 2.509969666666666654e+00
2.977679000000000087e+03 2.507771666666666732e+00
2.981536000000000058e+03 2.500372999999999735e+00
2.985393000000000029e+03 2.498014666666666717e+00
2.989250000000000000e+03 2.493158333333333143e+00
2.993108000000000175e+03 2.479841000000000406e+00
2.996965000000000146e+03 2.482963333333333633e+00
3.000822000000000116e+03 2.482048666666667014e+00
3.004679000000000087e+03 2.483086333333333062e+00
3.008536000000000058e+03 2.501882000000000161e+00
3.012393000000000029e+03 2.508048000000000055e+00
3.016250000000000000e+03 2.494249666666666698e+00
3.020106999999999971e+03 2.492745333333333591e+00
3.023963999999999942e+03 2.497348333333333503e+00
3.027822000000000116e+03 2.500965333333333263e+00
3.031677999999999884e+03 2.519391999999999854e+00
3.035536000000000058e+03 2.530135000000000023e+00
3.039393000000000029e+03 2.523685666666666716e+00
3.043250000000000000e+03 2.503305666666666429e+00
3.047106999999999971e+03 2.496917666666666591e+00
3.050963999999999942e+03 2.501635666666666591e+00
3.054820999999999913e+03 2.506441666666666457e+00
3.058677999999999884e+03 2.505028999999999950e+00
3.062534999999999854e+03 2.499559000000000086e+00
3.066391999999999825e+03 2.506250000000000089e+00
3.070250000000000000e+03 2.509399999999999853e+00
3.074106999999999971e+03 2.509164333333333108e+00
3.077963999999999942e+03 2.518530999999999853e+00
3.081820999999999913e+03 2.518974666666666806e+00
3.085677999999999884e+03 2.510048666666666595e+00
3.089534999999999854e+03 2.518956333333333131e+00
3.093391999999999825e+03 2.529346333333333252e+00
3.097248999999999796e+03 2.530280333333333243e+00
3.101106000000000222e+03 2.525018333333333143e+00
3.104963000000000193e+03 2.514551333333333361e+00
3.108820999999999913e+03 2.514543666666666510e+00
3.112677000000000135e+03 2.528957000000000122e+00
3.116534999999999854e+03 2.534098666666666499e+00
3.120391999999999825e+03 2.524405666666666992e+00
3.124248999999999796e+03 2.521646333333333434e+00
3.128106000000000222e+03 2.534513999999999712e+00
3.131963000000000193e+03 2.537390333333333192e+00
3.135820000000000164e+03 2.555163666666666611e+00
3.139677000000000135e+03 2.566297666666666810e+00
3.143534000000000106e+03 2.554599333333333000e+00
3.147391000000000076e+03 2.547683999999999838e+00
3.151248999999999796e+03 2.547731333333333570e+00
3.155106000000000222e+03 2.546631333333333469e+00
3.158963000000000193e+03 2.548525000000000151e+00
3.162820000000000164e+03 2.547748666666666661e+00
3.166677000000000135e+03 2.549535333333333487e+00
3.170534000000000106e+03 2.552005999999999997e+00
3.174391000000000076e+03 2.551698333333332958e+00
3.178248000000000047e+03 2.547760666666666562e+00
3.182105000000000018e+03 2.540091333333333257e+00
3.185961999999999989e+03 2.545733000000000246e+00
3.189820000000000164e+03 2.549535999999999802e+00
3.193677000000000135e+03 2.548530666666666722e+00
3.197534000000000106e+03 2.560382666666666918e+00
3.201391000000000076e+03 2.573255666666666830e+00
3.205248000000000047e+03 2.570371666666666499e+00
3.209105000000000018e+03 2.551914999999999711e+00
3.212961999999999989e+03 2.540703000000000156e+00
3.216818999999999960e+03 2.535042000000000240e+00
3.220675999999999931e+03 2.541306333333333445e+00
3.224532999999999902e+03 2.572573666666666536e+00
3.228389999999999873e+03 2.583645000000000191e+00
3.232248000000000047e+03 2.575052666666666656e+00
3.236105000000000018e+03 2.572221000000000313e+00
3.239961999999999989e+03 2.576872666666666589e+00
3.243818999999999960e+03 2.578476999999999908e+00
3.247675999999999931e+03 2.571092000000000155e+00
3.251532999999999902e+03 2.571550333333333160e+00
3.255389999999999873e+03 2.558019333333333645e+00
3.259246999999999844e+03 2.539781000000000066e+00
3.263103999999999814e+03 2.542377000000000109e+00
3.266960999999999785e+03 2.543415666666666741e+00
3.270818999999999960e+03 2.546090666666666724e+00
3.274675999999999931e+03 2.560972666666666786e+00
3.278532999999999902e+03 2.572264333333333486e+00
3.282389999999999873e+03 2.563510333333333335e+00
3.286246999999999844e+03 2.576190333333333360e+00
3.290103999999999814e+03 2.601338999999999846e+00
3.293960999999999785e+03 2.590157666666666803e+00
3.297818000000000666e+03 2.573765999999999998e+00
3.301675000000000637e+03 2.578999666666666801e+00
3.305532000000000608e+03 2.573442333333332943e+00
3.309389999999999873e+03 2.566128333333333345e+00
3.313246999999999844e+03 2.571760999999999964e+00
3.317103999999999814e+03 2.570317333333333121e+00
3.320960999999999785e+03 2.558387666666666949e+00
3.324818000000000666e+03 2.555848666666666880e+00
3.328675000000000637e+03 2.565348666666666499e+00
3.332532000000000608e+03 2.581023000000000067e+00
3.336389000000000578e+03 2.590025000000000244e+00
3.340246000000000549e+03 2.580531000000000130e+00
3.344103999999999814e+03 2.572996666666666599e+00
3.347960000000000491e+03 2.594779666666666262e+00
3.351818000000000666e+03 2.601890666666666796e+00
3.355675000000000637e+03 2.585773666666666859e+00
3.359532000000000608e+03 2.583409666666666826e+00
3.363389000000000578e+03 2.588351666666666606e+00
3.367246000000000549e+03 2.583722666666666612e+00
3.371103000000000520e+03 2.583094666666666317e+00
3.374960000000000491e+03 2.583119333333333323e+00
3.378817000000000462e+03 2.571674000000000238e+00
3.382674000000000433e+03 2.561363999999999752e+00
3.386531000000000404e+03 2.561545666666666943e+00
3.390389000000000578e+03 2.557528333333333403e+00
3.394246000000000549e+03 2.555020999999999987e+00
3.398103000000000520e+03 2.563983333333333281e+00
3.401960000000000491e+03 2.563743333333333485e+00
3.405817000000000462e+03 2.577393000000000267e+00
3.409674000000000433e+03 2.590926000000000062e+00
3.413531000000000404e+03 2.585740333333333307e+00
3.417388000000000375e+03 2.585141333333333513e+00
3.421245000000000346e+03 2.594514999999999905e+00
3.425103000000000520e+03 2.594383333333333486e+00
3.428959000000000287e+03 2.590485999999999844e+00
3.432817000000000462e+03 2.594011999999999762e+00
3.436674000000000433e+03 2.584840333333333628e+00
3.440531000000000404e+03 2.586974000000000107e+00
3.444388000000000375e+03 2.589348000000000205e+00
3.448245000000000346e+03 2.595892999999999784e+00
3.452102000000000317e+03 2.587756000000000167e+00
3.455959000000000287e+03 2.575779999999999959e+00
3.459816000000000258e+03 2.578422333333333150e+00
3.463673000000000229e+03 2.575359666666666492e+00
3.467531000000000404e+03 2.564203999999999706e+00
3.471388000000000375e+03 2.585471000000000075e+00
3.475245000000000346e+03 2.605291666666666561e+00
3.479102000000000317e+03 2.584973000000000187e+00
3.482959000000000287e+03 2.553853999999999846e+00
3.486816000000000258e+03 2.567296000000000245e+00
3.490673000000000229e+03 2.594908000000000214e+00
3.494530000000000200e+03 2.584449333333333154e+00
3.498387000000000171e+03 2.556145000000000334e+00
3.502244000000000142e+03 2.550478000000000023e+00
3.506102000000000317e+03 2.570885666666666847e+00
3.509958000000000084e+03 2.578135666666666825e+00
3.513816000000000258e+03 2.555425333333333437e+00
3.517673000000000229e+03 2.550478666666666783e+00
3.521530000000000200e+03 2.567624666666666666e+00
3.525387000000000171e+03 2.572687333333333104e+00
3.529244000000000142e+03 2.575558666666666330e+00
3.533101000000000113e+03 2.584143666666666839e+00
3.536958000000000084e+03 2.578894999999999715e+00
3.540815000000000055e+03 2.576750333333333476e+00
3.544672000000000025e+03 2.584299666666666884e+00
3.548530000000000200e+03 2.587083000000000244e+00
3.552387000000000171e+03 2.581365666666666669e+00
3.556244000000000142e+03 2.572524666666666349e+00
3.560101000000000113e+03 2.586975666666667006e+00
3.563958000000000084e+03 2.601304000000000283e+00
3.567815000000000055e+03 2.600692333333333384e+00
3.571672000000000025e+03 2.596551333333333655e+00
3.575528999999999996e+03 2.581122333333333518e+00
3.579385999999999967e+03 2.564348333333333230e+00
3.583242999999999938e+03 2.573148333333333593e+00
3.587101000000000113e+03 2.593767333333333536e+00
3.590958000000000084e+03 2.595546000000000131e+00
3.594815000000000055e+03 2.584616666666666784e+00
3.598672000000000025e+03 2.581441666666666634e+00
3.602528999999999996e+03 2.585853000000000179e+00
3.606385999999999967e+03 2.591770666666666667e+00
3.610242999999999938e+03 2.580975666666666779e+00
3.614099999999999909e+03 2.570125666666666753e+00
3.617956999999999880e+03 2.565745999999999860e+00
3.621813999999999851e+03 2.567930666666666806e+00
3.625672000000000025e+03 2.583202333333332934e+00
3.629528999999999996e+03 2.592102666666666888e+00
3.633385999999999967e+03 2.586205666666666847e+00
3.637242999999999938e+03 2.593399333333333612e+00
3.641099999999999909e+03 2.600736666666666697e+00
3.644956999999999880e+03 2.592220666666666951e+00
3.648813999999999851e+03 2.583452999999999999e+00
3.652670999999999822e+03 2.545466333333333164e+00
3.656527999999999793e+03 2.539703666666666582e+00
3.660385000000000218e+03 2.558158666666666914e+00
3.664242000000000189e+03 2.561754333333333467e+00
3.668099999999999909e+03 2.566373000000000015e+00
3.671956999999999880e+03 2.556298999999999655e+00
3.675813999999999851e+03 2.558438000000000212e+00
3.679670999999999822e+03 2.558190666666666502e+00
3.683527999999999793e+03 2.543364333333333338e+00
3.687385000000000218e+03 2.558612666666666868e+00
3.691242000000000189e+03 2.586661333333333257e+00
3.695099000000000160e+03 2.576686666666666792e+00
3.698956000000000131e+03 2.572521666666666817e+00
3.702813000000000102e+03 2.595743333333333513e+00
3.706670999999999822e+03 2.611323333333333441e+00
3.710527999999999793e+03 2.601725333333333001e+00
3.714385000000000218e+03 2.574199000000000126e+00
3.718242000000000189e+03 2.581247666666666607e+00
3.722099000000000160e+03 2.611107333333333003e+00
3.725956000000000131e+03 2.615295000000000147e+00
3.729813000000000102e+03 2.635503999999999625e+00
3.733670000000000073e+03 2.678050333333333644e+00
3.737527000000000044e+03 2.670536333333333179e+00
3.741385000000000218e+03 2.654530333333333214e+00
3.745240999999999985e+03 2.656430333333333227e+00
3.749099000000000160e+03 2.645509333333333490e+00
3.752956000000000131e+03 2.644326666666666714e+00
3.756813000000000102e+03 2.652148333333333330e+00
3.760670000000000073e+03 2.642077666666666769e+00
3.764527000000000044e+03 2.626910666666666838e+00
3.768384000000000015e+03 2.623050333333333484e+00
3.772240999999999985e+03 2.609735999999999834e+00
3.776097999999999956e+03 2.614858999999999600e+00
3.779954999999999927e+03 2.625933666666666610e+00
3.783813000000000102e+03 2.632918999999999787e+00
3.787670000000000073e+03 2.637773333333333525e+00
3.791527000000000044e+03 2.639224666666666774e+00
3.795384000000000015e+03 2.638754666666666804e+00
3.799240999999999985e+03 2.639858000000000260e+00
3.803097999999999956e+03 2.651254666666666537e+00
3.806954999999999927e+03 2.651524999999999910e+00
3.810811999999999898e+03 2.661137999999999781e+00
3.814668999999999869e+03 2.683879666666666441e+00
3.818525999999999840e+03 2.688371999999999762e+00
3.822384000000000015e+03 2.661397333333333393e+00
3.826239999999999782e+03 2.659340666666667019e+00
3.830097999999999956e+03 2.690426666666666744e+00
3.833954999999999927e+03 2.703094333333333044e+00
3.837811999999999898e+03 2.700586333333333755e+00
3.841668999999999869e+03 2.683313666666666819e+00
3.845525999999999840e+03 2.683233333333333359e+00
3.849382999999999811e+03 2.722383999999999915e+00
3.853239999999999782e+03 2.753255666666666546e+00
3.857097000000000207e+03 2.703523666666666880e+00
3.860954000000000178e+03 2.683144666666666733e+00
3.864811999999999898e+03 2.695367666666666384e+00
3.868668999999999869e+03 2.719801333333333293e+00
3.872525999999999840e+03 2.725676666666666748e+00
3.876382999999999811e+03 2.711383666666666414e+00
3.880239999999999782e+03 2.732413999999999898e+00
3.884097000000000207e+03 2.749461000000000155e+00
3.887954000000000178e+03 2.715782000000000362e+00
3.891811000000000149e+03 2.682185666666666801e+00
3.895668000000000120e+03 2.670714333333333190e+00
3.899525000000000091e+03 2.697761666666666613e+00
3.903382999999999811e+03 2.706230333333333515e+00
3.907239999999999782e+03 2.668958666666666701e+00
3.911097000000000207e+03 2.640114333333333452e+00
3.914954000000000178e+03 2.664525999999999950e+00
3.918811000000000149e+03 2.680594000000000587e+00
3.922668000000000120e+03 2.682283333333333797e+00
3.926525000000000091e+03 2.694819333333333233e+00
3.930382000000000062e+03 2.693862999999999897e+00
3.934239000000000033e+03 2.684369666666666987e+00
3.938096000000000004e+03 2.665856333333333605e+00
3.941954000000000178e+03 2.648931333333333527e+00
3.945811000000000149e+03 2.660821666666666641e+00
3.949668000000000120e+03 2.686994000000000327e+00
3.953525000000000091e+03 2.674067000000000416e+00
3.957382000000000062e+03 2.649126333333333250e+00
3.961239000000000033e+03 2.653430666666666937e+00
3.965096000000000004e+03 2.673406666666666709e+00
3.968952999999999975e+03 2.684433999999999543e+00
3.972809999999999945e+03 2.677537666666667260e+00
3.976666999999999916e+03 2.666172666666666746e+00
3.980523999999999887e+03 2.646678000000000086e+00
3.984382000000000062e+03 2.614392666666666809e+00
3.988239000000000033e+03 2.627463000000000104e+00
3.992096000000000004e+03 2.689406666666666723e+00
3.995952999999999975e+03 2.707038999999999973e+00
3.999809999999999945e+03 2.670803666666666576e+00
4.003666999999999916e+03 0.000000000000000000e+00
