# Bassanite, Chemical Formula: 2CaSO4*H2O
# Sample ID: GDS145_(syn)
# wavelengths (microns), reflectance
1.5234071	0.56867337
1.5238549	0.56933212
1.524303	0.5692004
1.5247513	0.56867337
1.5251998	0.56854159
1.5256486	0.56801456
1.5260978	0.56801456
1.5265471	0.56887102
1.5269967	0.56913447
1.5274466	0.56893688
1.5278969	0.56926632
1.5283473	0.56952977
1.528798	0.56939805
1.529249	0.56900281
1.5297003	0.56900281
1.5301517	0.56926632
1.5306035	0.57005686
1.5310555	0.57038623
1.5315078	0.56992501
1.5319604	0.56979334
1.5324134	0.57005686
1.5328665	0.57032037
1.5333198	0.57018858
1.5337734	0.57005686
1.5342274	0.56972748
1.5346816	0.56952977
1.5351361	0.57005686
1.5355908	0.57084739
1.5360456	0.57111096
1.5365007	0.57104498
1.5369563	0.57117683
1.537412	0.57170385
1.5378683	0.57223094
1.5383245	0.57229674
1.5387812	0.57216495
1.539238	0.57269204
1.5396953	0.57308733
1.5401527	0.57335085
1.5406104	0.5740096
1.5410683	0.5740096
1.5415267	0.5740096
1.5419852	0.57453662
1.542444	0.57480013
1.5429029	0.57512951
1.5433626	0.57559073
1.5438222	0.5759201
1.5442821	0.57572252
1.5447421	0.57598603
1.5452026	0.57638127
1.5456632	0.577106
1.5461243	0.57822597
1.5465856	0.57783067
1.5470469	0.57763302
1.5475086	0.57809412
1.5479708	0.57901651
1.5484331	0.57980704
1.5488957	0.58013648
1.5493586	0.58026814
1.5498219	0.58026814
1.5502852	0.58053172
1.5507492	0.58125639
1.5512131	0.5819152
1.5516775	0.58296925
1.552142	0.58343041
1.5526069	0.58349627
1.553072	0.58389157
1.5535375	0.58435273
1.5540031	0.58514327
1.5544689	0.58527505
1.5549351	0.58553857
1.5554017	0.58586794
1.5558684	0.58632916
1.5563356	0.5867244
1.5568029	0.58758086
1.5572705	0.58823967
1.5577384	0.58863491
1.5582068	0.58896434
1.5586753	0.58909613
1.5591441	0.58949137
1.5596131	0.58995247
1.5600824	0.59015018
1.560552	0.59074306
1.561022	0.59127015
1.5614921	0.5919289
1.5619628	0.59212655
1.5624335	0.59252185
1.5629046	0.59318066
1.5633758	0.59337825
1.5638475	0.59331238
1.5643194	0.59370768
1.5647916	0.59436643
1.565264	0.59476173
1.5657365	0.59561819
1.5662096	0.59561819
1.5666829	0.5959475
1.5671564	0.59680402
1.5676304	0.59759456
1.5681045	0.59726512
1.5685791	0.59739691
1.5690538	0.59798986
1.5695291	0.5983851
1.5700043	0.59891212
1.57048	0.5994392
1.5709559	0.59963685
1.5714321	0.60003209
1.5719085	0.60036147
1.5723853	0.6006909
1.5728624	0.60075676
1.5733397	0.60174501
1.5738174	0.60240382
1.5742953	0.60227197
1.5747734	0.60227197
1.5752521	0.60273319
1.5757308	0.60326016
1.5762099	0.60358959
1.5766892	0.60372138
1.5771688	0.60411662
1.5776488	0.60444605
1.5781291	0.60490716
1.5786096	0.60517067
1.5790905	0.60510486
1.5795716	0.60582954
1.5800531	0.60675186
1.5805347	0.60708117
1.5810168	0.60727888
1.5814991	0.60767412
1.5819818	0.60833299
1.5824646	0.6083988
1.5829479	0.60846466
1.5834312	0.60912353
1.5839151	0.60945296
1.5843991	0.60945296
1.5848837	0.60978228
1.5853683	0.61044109
1.5858533	0.61096811
1.5863385	0.61123163
1.5868242	0.61129755
1.58731	0.61189044
1.5877962	0.61228567
1.5882826	0.61261511
1.5887693	0.61268097
1.5892563	0.61294454
1.5897436	0.61347157
1.5902313	0.61360329
1.5907192	0.61373508
1.5912075	0.61452562
1.591696	0.61525029
1.5921849	0.61557966
1.592674	0.6159091
1.5931635	0.61610675
1.5936533	0.61643612
1.5941433	0.61683142
1.5946337	0.61729258
1.5951242	0.61762196
1.5956153	0.61749017
1.5961065	0.61801726
1.5965984	0.61847836
1.5970901	0.61880779
1.5975825	0.61926895
1.5980748	0.61946666
1.5985676	0.61973011
1.5990607	0.62038887
1.5995542	0.62065244
1.6000477	0.62052065
1.6005416	0.62091595
1.6010358	0.62144297
1.6015304	0.62197
1.6020253	0.62243122
1.6025206	0.62249708
1.603016	0.62302411
1.6035119	0.62368286
1.604008	0.62420988
1.6045047	0.62453932
1.6050013	0.62460518
1.6054984	0.62434173
1.6059958	0.62473696
1.6064935	0.62565929
1.6069914	0.62625223
1.6074898	0.62651575
1.6079884	0.62684512
1.608487	0.62691098
1.6089861	0.62691098
1.6094857	0.62750387
1.6099856	0.62789917
1.6104858	0.62849212
1.6109861	0.62882149
1.611487	0.62875563
1.6119881	0.62895328
1.6124896	0.62915093
1.6129912	0.62915093
1.6134933	0.62994146
1.6139956	0.63040262
1.6144984	0.63066614
1.6150012	0.63106143
1.6155045	0.63139081
1.616008	0.63185197
1.6165122	0.63204956
1.6170163	0.63224727
1.6175209	0.63257664
1.6180257	0.63237894
1.6185309	0.63277429
1.6190363	0.63369656
1.6195421	0.63376248
1.6200482	0.63409185
1.6205544	0.63435543
1.6210611	0.63455302
1.6215682	0.63481653
1.6220756	0.6354754
1.6225833	0.63587064
1.6230912	0.63620001
1.6235996	0.63652945
1.6241082	0.63646352
1.6246173	0.63692468
1.6251266	0.63758349
1.6256363	0.63771528
1.6261462	0.63751757
1.6266564	0.63791287
1.627167	0.6382423
1.6276779	0.63830817
1.6281891	0.63857168
1.6287007	0.63923049
1.6292125	0.63975751
1.6297247	0.63962579
1.6302372	0.63962579
1.6307501	0.64021868
1.6312631	0.64041632
1.6317767	0.64061397
1.6322904	0.6406799
1.6328044	0.64107513
1.6333188	0.64166802
1.6338336	0.64173394
1.6343486	0.64179981
1.6348641	0.64226097
1.6353798	0.64291972
1.6358958	0.64291972
1.6364123	0.64298564
1.6369292	0.64351267
1.637446	0.64403969
1.6379635	0.64436913
1.6384811	0.64476442
1.6389992	0.64463264
1.6395175	0.64450091
1.6400362	0.64443505
1.6405551	0.64469856
1.6410745	0.6450938
1.6415942	0.6454891
1.6421142	0.64588434
1.6426344	0.64581853
1.6431552	0.64581853
1.643676	0.64614785
1.6441975	0.64654315
1.644719	0.64660907
1.6452409	0.64693844
1.6457632	0.64746553
1.6462859	0.6473996
1.6468087	0.64779484
1.6473321	0.64825606
1.6478556	0.64832187
1.6483797	0.64851958
1.648904	0.64911246
1.6494286	0.64944184
1.6499535	0.6495077
1.6504788	0.64924425
1.6510044	0.64911246
1.6515305	0.64944184
1.6520567	0.64944184
1.6525834	0.64970535
1.6531103	0.64996892
1.6536378	0.65010065
1.6541654	0.65043008
1.6546935	0.65062767
1.6552217	0.65075946
1.6557504	0.65108889
1.6562793	0.65135235
1.6568087	0.65161586
1.6573384	0.65187943
1.6578683	0.65214294
1.6583985	0.65201116
1.6589293	0.65207708
1.6594603	0.65214294
1.6599917	0.65280169
1.6605233	0.65319699
1.6610554	0.65319699
1.6615878	0.6533947
1.6621207	0.65326291
1.6626537	0.65313113
1.6631873	0.6533947
1.6637208	0.65332878
1.664255	0.6533947
1.6647894	0.65372407
1.6653243	0.65411931
1.6658593	0.65405345
1.6663947	0.65418524
1.6669306	0.65418524
1.6674668	0.6543169
1.6680032	0.65451461
1.6685401	0.65464634
1.6690773	0.65484399
1.6696149	0.6551075
1.6701527	0.65530515
1.670691	0.65570039
1.6712295	0.65589809
1.6717685	0.65543687
1.6723077	0.65550286
1.6728474	0.65602982
1.6733873	0.65616161
1.6739277	0.65629339
1.6744683	0.65609574
1.6750095	0.65629339
1.6755508	0.65662277
1.6760926	0.65675449
1.6766347	0.65695214
1.6771772	0.65721565
1.6777198	0.65708393
1.6782631	0.65721565
1.6788064	0.65714979
1.6793501	0.65721565
1.6798942	0.65721565
1.6804388	0.65721565
1.6809837	0.65747923
1.6815289	0.65754509
1.6820744	0.65774274
1.6826205	0.65800619
1.6831667	0.65794033
1.6837136	0.65800619
1.6842605	0.65826976
1.684808	0.65846741
1.6853557	0.65846741
1.6859038	0.65873086
1.6864522	0.65919209
1.687001	0.65886271
1.6875501	0.65853328
1.6881	0.658665
1.6886498	0.65886271
1.6892	0.65938973
1.6897506	0.65932381
1.6903015	0.65899444
1.6908529	0.65899444
1.6914046	0.65932381
1.6919565	0.65965325
1.6925087	0.65958738
1.6930614	0.65971911
1.6936146	0.6595214
1.694168	0.65938973
1.6947218	0.65958738
1.695276	0.6595214
1.6958306	0.6595214
1.6963854	0.65971911
1.6969409	0.65971911
1.6974965	0.65971911
1.6980526	0.65978497
1.6986089	0.66004848
1.6991657	0.66004848
1.6997228	0.65958738
1.7002803	0.65971911
1.7008381	0.65971911
1.7013963	0.65958738
1.7019548	0.65958738
1.7025138	0.65938973
1.703073	0.65938973
1.7036328	0.6595214
1.7041928	0.65978497
1.7047533	0.65965325
1.7053139	0.6595214
1.705875	0.65971911
1.7064364	0.65971911
1.7069983	0.65945554
1.7075605	0.65932381
1.7081233	0.65925795
1.7086862	0.65938973
1.7092496	0.65919209
1.7098132	0.65892851
1.7103775	0.65912616
1.7109419	0.65886271
1.7115068	0.65840143
1.712072	0.65833563
1.7126377	0.6582039
1.7132035	0.65807211
1.7137699	0.6582039
1.7143366	0.65807211
1.7149036	0.65794033
1.715471	0.65767682
1.7160389	0.65747923
1.7166071	0.65734744
1.7171758	0.65721565
1.7177447	0.65688628
1.7183142	0.65649098
1.7188838	0.65649098
1.7194541	0.65589809
1.7200245	0.65556872
1.7205955	0.65570039
1.7211666	0.65563458
1.7217383	0.65537101
1.7223103	0.65504164
1.7228827	0.65490985
1.7234554	0.65484399
1.7240288	0.65451461
1.7246022	0.65405345
1.7251762	0.65405345
1.7257504	0.65365821
1.7263252	0.65313113
1.7269002	0.65293348
1.7274756	0.65266997
1.7280514	0.65220881
1.7286276	0.65168178
1.7292041	0.65122062
1.7297812	0.65069366
1.7303585	0.65062767
1.7309363	0.6502983
1.7315143	0.64983714
1.732093	0.64970535
1.7326717	0.64944184
1.7332511	0.64917839
1.7338307	0.64845371
1.7344109	0.64786077
1.7349913	0.64746553
1.7355722	0.64733374
1.7361534	0.64720196
1.7367351	0.64693844
1.737317	0.64654315
1.7378997	0.64581853
1.7384824	0.64529145
1.7390656	0.64476442
1.7396491	0.64443505
1.7402332	0.64417148
1.7408174	0.64377618
1.7414023	0.64357859
1.7419873	0.64305156
1.7425728	0.6425904
1.7431587	0.64212918
1.7437451	0.6415363
1.7443317	0.64107513
1.7449189	0.64107513
1.7455064	0.6407457
1.7460943	0.6402846
1.7466825	0.63982344
1.7472714	0.63929635
1.7478604	0.63896698
1.7484499	0.63876939
1.7490398	0.63857168
1.7496301	0.63804466
1.7502208	0.63797879
1.7508119	0.63751757
1.7514033	0.6373859
1.7519954	0.63745177
1.7525877	0.63718826
1.7531804	0.63672704
1.7537735	0.6367929
1.754367	0.63692468
1.7549609	0.63659531
1.7555553	0.6363318
1.7561499	0.63606828
1.7567449	0.63606828
1.7573403	0.63600236
1.7579362	0.63613409
1.7585325	0.63626593
1.7591293	0.63573885
1.7597264	0.63580477
1.760324	0.63620001
1.7609218	0.63620001
1.7615204	0.63573885
1.7621191	0.63521183
1.7627183	0.63540947
1.7633178	0.63580477
1.7639178	0.63580477
1.7645181	0.63573885
1.7651191	0.6354754
1.7657201	0.63573885
1.7663218	0.6359365
1.7669238	0.63587064
1.7675263	0.63606828
1.768129	0.63620001
1.7687324	0.63613409
1.769336	0.63620001
1.7699401	0.63626593
1.7705445	0.63626593
1.7711494	0.63639766
1.7717546	0.63639766
1.7723604	0.63613409
1.7729665	0.63606828
1.773573	0.63613409
1.7741799	0.63613409
1.7747874	0.63659531
1.7753952	0.63705647
1.7760036	0.63685882
1.7766122	0.63666117
1.7772213	0.63666117
1.7778307	0.63666117
1.7784407	0.63685882
1.7790509	0.63705647
1.7796618	0.6373859
1.7802728	0.63771528
1.7808841	0.63797879
1.781496	0.63817644
1.7821085	0.63837409
1.7827213	0.63870347
1.7833346	0.63916463
1.7839482	0.63962579
1.7845623	0.63995516
1.7851768	0.64048219
1.785792	0.64081162
1.7864072	0.64087749
1.7870232	0.64127272
1.7876393	0.64179981
1.788256	0.64232689
1.788873	0.64285392
1.7894906	0.64338094
1.7901084	0.64390796
1.790727	0.64403969
1.7913457	0.64436913
1.7919649	0.64489615
1.7925845	0.64555502
1.7932047	0.64595026
1.793825	0.64634556
1.794446	0.64693844
1.7950673	0.64753133
1.795689	0.64799249
1.7963111	0.64838779
1.7969339	0.6490466
1.7975569	0.64944184
1.7981805	0.64957368
1.7988043	0.65010065
1.7994287	0.65056181
1.8000535	0.65115476
1.800679	0.65148419
1.8013045	0.65174764
1.8019307	0.65207708
1.8025571	0.65247232
1.8031842	0.65319699
1.8038116	0.65372407
1.8044394	0.65405345
1.8050677	0.65451461
1.8056965	0.6547122
1.8063256	0.65504164
1.8069552	0.65543687
1.8075852	0.65609574
1.8082157	0.65655684
1.8088466	0.65695214
1.809478	0.65747923
1.8101097	0.65761089
1.8107419	0.65794033
1.8113745	0.65853328
1.8120078	0.6585992
1.8126413	0.65886271
1.8132753	0.65945554
1.8139096	0.65965325
1.8145447	0.65958738
1.8151799	0.65958738
1.8158158	0.65985084
1.8164519	0.66011435
1.8170887	0.66070735
1.8177258	0.66090488
1.8183634	0.66103667
1.8190013	0.66143197
1.8196399	0.66110259
1.8202788	0.66064137
1.8209183	0.66110259
1.8215581	0.66143197
1.8221985	0.66182727
1.8228391	0.66242015
1.8234804	0.66281539
1.8241218	0.66274953
1.824764	0.66274953
1.8254064	0.66235429
1.8260493	0.66176134
1.8266927	0.66248602
1.8273367	0.66294724
1.8279809	0.66248602
1.8286258	0.66235429
1.829271	0.66228843
1.8299167	0.66209078
1.8305628	0.66189313
1.8312097	0.66202486
1.8318566	0.66228843
1.8325043	0.66235429
1.8331522	0.66255194
1.8338007	0.66242015
1.8344495	0.66149789
1.835099	0.66103667
1.8357487	0.66083902
1.8363992	0.66090488
1.83705	0.66070735
1.8377012	0.66037792
1.8383528	0.66110259
1.839005	0.66057551
1.8396575	0.65945554
1.8403107	0.65978497
1.8409641	0.65945554
1.8416178	0.65840143
1.8422722	0.65873086
1.8429272	0.65932381
1.8435825	0.65938973
1.8442384	0.65938973
1.8448946	0.65938973
1.8455515	0.65879679
1.8462087	0.65734744
1.8468666	0.65616161
1.8475248	0.65635926
1.8481835	0.65655684
1.8488425	0.65714979
1.8495022	0.65701801
1.8501621	0.65662277
1.8508228	0.65622747
1.8514837	0.65635926
1.852145	0.65583217
1.8528068	0.65477818
1.8534694	0.65359229
1.8541322	0.6538558
1.8547956	0.65438288
1.8554593	0.65392166
1.8561238	0.65234059
1.8567885	0.65174764
1.8574541	0.65194529
1.8581197	0.65168178
1.858786	0.65043008
1.8594526	0.64884895
1.8601199	0.64871716
1.8607875	0.64898074
1.8614557	0.64878309
1.8621242	0.64805841
1.8627936	0.6473996
1.8634632	0.64660907
1.8641332	0.64575261
1.8648038	0.6450938
1.8654748	0.64443505
1.8661463	0.64371032
1.8668184	0.64186567
1.8674908	0.63962579
1.8681637	0.63903284
1.868837	0.63883519
1.869511	0.63784701
1.8701854	0.6359365
1.8708603	0.63422358
1.8715357	0.63409185
1.8722117	0.63244492
1.872888	0.63013911
1.8735651	0.62948036
1.8742423	0.62915093
1.8749202	0.62783331
1.8755985	0.62651575
1.8762774	0.62434173
1.8769567	0.62223357
1.8776366	0.62098181
1.8783168	0.61966425
1.8789977	0.61801726
1.8796788	0.61604083
1.8803607	0.61393273
1.881043	0.61182457
1.8817258	0.60991406
1.882409	0.60767412
1.8830929	0.60497308
1.883777	0.60214025
1.8844618	0.60036147
1.8851469	0.59851688
1.8858327	0.59581584
1.8865188	0.59291708
1.8872057	0.59047955
1.8878928	0.58804196
1.8885808	0.58501154
1.8892689	0.58171755
1.8899578	0.57822597
1.8906469	0.57512951
1.8913368	0.57203323
1.892027	0.5688051
1.8927178	0.56531352
1.893409	0.5614925
1.8941009	0.55773735
1.8947932	0.55391628
1.8954861	0.54989767
1.8961793	0.54548377
1.8968732	0.54080623
1.8975675	0.53540409
1.8982624	0.53019965
1.8989576	0.52453393
1.8996536	0.51880246
1.9003499	0.51366383
1.9010466	0.50812995
1.9017439	0.50200313
1.9024419	0.49508578
1.9031402	0.48849779
1.9038392	0.48190987
1.9045385	0.47439957
1.9052386	0.46649396
1.905939	0.45898372
1.9066402	0.45107818
1.9073416	0.44350198
1.9080436	0.43546468
1.9087461	0.42676854
1.9094492	0.41780889
1.9101527	0.40871754
1.9108568	0.39982376
1.9115614	0.39099586
1.9122664	0.38210213
1.912972	0.37307659
1.9136782	0.36484164
1.9143847	0.35752901
1.915092	0.3504799
1.9157996	0.34441891
1.916508	0.33934623
1.9172167	0.33559108
1.9179261	0.33321941
1.9186358	0.33209947
1.9193462	0.33190182
1.9200571	0.33328527
1.9207685	0.33671102
1.9214803	0.34178376
1.9221928	0.34744942
1.9229058	0.35397154
1.9236195	0.36055946
1.9243335	0.36800388
1.9250481	0.37597531
1.9257631	0.38361737
1.9264789	0.3908641
1.927195	0.39751798
1.9279118	0.4032495
1.9286289	0.40891513
1.9293463	0.41398793
1.9300646	0.41820416
1.9307835	0.42189348
1.9315028	0.42472628
1.9322227	0.42703205
1.9329431	0.42894256
1.9336642	0.43032604
1.9343857	0.43164364
1.9351079	0.43256596
1.9358305	0.43329066
1.9365537	0.43414706
1.9372772	0.43500352
1.9380015	0.43579406
1.9387262	0.43645284
1.9394516	0.43730935
1.9401773	0.43842927
1.940904	0.43968099
1.9416308	0.44126207
1.9423584	0.44297495
1.9430864	0.44442433
1.943815	0.44593954
1.9445441	0.44765237
1.9452738	0.44956294
1.9460039	0.45167103
1.9467345	0.45338395
1.9474658	0.45542622
1.9481977	0.45766607
1.94893	0.45990601
1.949663	0.46234354
1.9503965	0.46504459
1.9511306	0.46787745
1.9518652	0.47103968
1.9526006	0.47453132
1.9533362	0.47808883
1.9540726	0.48197573
1.9548093	0.48586261
1.9555469	0.4896836
1.9562846	0.49343881
1.9570233	0.49732569
1.9577622	0.50101495
1.9585019	0.5043748
1.959242	0.50766879
1.9599829	0.51063341
1.960724	0.5131368
1.961466	0.51537675
1.9622083	0.51722133
1.9629514	0.51867068
1.9636948	0.51998824
1.9644389	0.52124
1.9651834	0.52222818
1.9659288	0.52301872
1.9666744	0.52380925
1.9674209	0.5244022
1.9681678	0.52473164
1.9689153	0.52545631
1.9696634	0.52624685
1.9704123	0.52670795
1.9711614	0.52736682
1.9719112	0.52822328
1.9726615	0.52934319
1.9734125	0.53052902
1.9741639	0.53151727
1.9749161	0.53250545
1.9756685	0.53369129
1.976422	0.53494298
1.9771756	0.53612882
1.9779301	0.53744644
1.9786849	0.53869814
1.9794405	0.53975219
1.9801965	0.54113567
1.9809532	0.54245323
1.9817104	0.54390264
1.9824681	0.5452202
1.9832264	0.54620844
1.9839855	0.54739428
1.984745	0.5487777
1.9855052	0.55016118
1.9862659	0.55167639
1.9870273	0.55312574
1.987789	0.55470687
1.9885516	0.556288
1.9893147	0.55819851
1.9900783	0.56024075
1.9908425	0.56241482
1.9916074	0.56472057
1.9923728	0.5671581
1.9931389	0.56979334
1.9939053	0.57256025
1.9946727	0.57526135
1.9954402	0.57822597
1.9962088	0.58105868
1.9969776	0.58382571
1.9977473	0.58665854
1.9985173	0.58922786
1.9992882	0.59173131
2.0000594	0.59436643
2.0008314	0.59654051
2.0016038	0.59871453
2.002377	0.60082263
2.0031507	0.60273319
2.0039251	0.60451192
2.0046999	0.60629064
2.0054755	0.60806942
2.0062516	0.60978228
2.0070286	0.61123163
2.0078058	0.61261511
2.0085838	0.61419618
2.0093622	0.61557966
2.0101414	0.61669964
2.010921	0.61788547
2.0117013	0.61920309
2.0124824	0.62032306
2.0132637	0.6211136
2.0140457	0.62197
2.0148287	0.62282646
2.0156119	0.62381464
2.016396	0.62480283
2.0171804	0.62572515
2.0179658	0.62651575
2.0187516	0.62717444
2.0195379	0.62770152
2.0203249	0.62829441
2.0211127	0.62901914
2.0219009	0.62948036
2.0226898	0.62974381
2.0234792	0.63040262
2.0242696	0.63125902
2.0250602	0.63178605
2.0258517	0.63204956
2.0266438	0.63231313
2.0274363	0.63297194
2.0282295	0.63363075
2.0290234	0.63376248
2.0298178	0.63382834
2.0306129	0.6342895
2.0314085	0.63481653
2.0322044	0.63514596
2.0330014	0.63521183
2.0337989	0.63527775
2.0345972	0.63554126
2.0353961	0.63606828
2.0361953	0.63646352
2.0369956	0.63672704
2.0377963	0.63692468
2.0385981	0.63705647
2.0393999	0.63718826
2.0402026	0.6373859
2.0410056	0.63771528
2.0418096	0.63784701
2.042614	0.63804466
2.0434194	0.6382423
2.044225	0.6382423
2.0450315	0.6382423
2.0458386	0.63837409
2.0466464	0.63837409
2.0474546	0.63857168
2.0482635	0.63883519
2.049073	0.63870347
2.0498834	0.63870347
2.0506942	0.63876939
2.0515053	0.63863754
2.0523174	0.63843995
2.0531304	0.63837409
2.0539436	0.63817644
2.0547578	0.63784701
2.0555725	0.63764942
2.0563879	0.63758349
2.057204	0.63745177
2.0580208	0.63712233
2.0588381	0.63672704
2.0596561	0.63646352
2.0604746	0.63620001
2.0612941	0.63580477
2.062114	0.63554126
2.0629346	0.6350801
2.0637558	0.63448715
2.0645773	0.6342895
2.0653996	0.63396013
2.0662231	0.63376248
2.0670469	0.63343304
2.0678713	0.63297194
2.0686965	0.63264251
2.0695224	0.63237894
2.0703487	0.63211548
2.0711763	0.63185197
2.0720038	0.63178605
2.0728326	0.63145673
2.0736616	0.6311273
2.0744915	0.6311273
2.0753219	0.63066614
2.076153	0.62994146
2.0769846	0.62980968
2.0778172	0.62967789
2.0786502	0.62934852
2.0794842	0.629085
2.0803187	0.62875563
2.0811539	0.62829441
2.0819895	0.62783331
2.0828261	0.62750387
2.0836632	0.62710863
2.084501	0.62664747
2.0853395	0.62612045
2.0861788	0.6254617
2.0870185	0.62473696
2.0878592	0.62394643
2.0887003	0.62322176
2.0895422	0.62249708
2.0903847	0.62177241
2.0912282	0.62091595
2.092072	0.62012535
2.0929167	0.61946666
2.0937619	0.61874193
2.0946081	0.61808312
2.0954545	0.61762196
2.096302	0.6171608
2.0971498	0.61669964
2.0979986	0.6163702
2.0988479	0.61630434
2.0996981	0.61630434
2.1005487	0.61577731
2.1014004	0.61538208
2.1022525	0.61544794
2.1031053	0.61544794
2.1039588	0.61525029
2.1048129	0.6150527
2.1056678	0.61511856
2.1065235	0.6150527
2.1073797	0.61492091
2.1082368	0.61485505
2.1090944	0.61478913
2.1099529	0.6146574
2.1108119	0.61459154
2.1116717	0.61459154
2.1125321	0.61472327
2.1133935	0.61478913
2.1142552	0.61459154
2.115118	0.61432803
2.1159811	0.61426216
2.1168454	0.61432803
2.1177099	0.61439383
2.1185756	0.61432803
2.1194417	0.61426216
2.1203086	0.61426216
2.121176	0.61406451
2.1220446	0.61413032
2.1229134	0.61413032
2.1237831	0.61393273
2.1246536	0.61380094
2.1255245	0.61366916
2.1263962	0.61366916
2.1272688	0.61347157
2.1281419	0.61333978
2.1290162	0.61314219
2.1298907	0.61314219
2.1307662	0.61294454
2.1316423	0.61281276
2.1325192	0.61268097
2.1333966	0.61274689
2.1342752	0.61281276
2.135154	0.61268097
2.1360338	0.61281276
2.1369143	0.61294454
2.1377954	0.61274689
2.1386774	0.61274689
2.1395605	0.61281276
2.1404438	0.61254925
2.1413281	0.61241752
2.1422129	0.61235166
2.1430986	0.61235166
2.1439848	0.61235166
2.144872	0.61221981
2.1457596	0.61202222
2.1466477	0.6119563
2.1475368	0.61175871
2.148427	0.61169279
2.1493175	0.61142927
2.1502092	0.61136341
2.1511011	0.61123163
2.1519942	0.61063874
2.1528878	0.6103093
2.1537826	0.61004579
2.1546776	0.60971642
2.1555736	0.60938704
2.1564703	0.60905766
2.1573677	0.60879409
2.1582658	0.60846466
2.1591649	0.60806942
2.1600645	0.60774004
2.1609645	0.60747647
2.1618655	0.60721302
2.1627674	0.60688359
2.1636701	0.60662007
2.1645734	0.6063565
2.1654775	0.60615897
2.1663826	0.60602713
2.1672883	0.6058954
2.168195	0.60576361
2.169102	0.60563189
2.1700101	0.60543424
2.1709187	0.6055001
2.1718283	0.60523659
2.1727386	0.60497308
2.1736495	0.60484135
2.1745613	0.60484135
2.1754742	0.60477543
2.1763873	0.6046437
2.1773014	0.60476309
2.1782162	0.6045242
2.179132	0.60356861
2.1800482	0.60309082
2.1809654	0.60297137
2.1818831	0.60255325
2.1828015	0.60219496
2.1837208	0.60165745
2.1846411	0.60123932
2.1855621	0.60046297
2.1864841	0.59974629
2.1874065	0.59944767
2.1883299	0.59867132
2.189254	0.59837264
2.1901793	0.59825313
2.1911051	0.59783512
2.1920316	0.59711844
2.1929588	0.59664065
2.193887	0.59670037
2.1948156	0.59676009
2.1957452	0.59622258
2.1966755	0.59574479
2.197607	0.595267
2.1985388	0.59478921
2.1994717	0.5940128
2.2004051	0.59395307
2.2013395	0.59335583
2.2022746	0.59263915
2.2032106	0.59263915
2.2041473	0.59210163
2.2050848	0.59120578
2.206023	0.59060854
2.2069621	0.59013075
2.207902	0.58923495
2.2088428	0.5887571
2.2097843	0.58839875
2.2107267	0.58762234
2.2116697	0.58738345
2.2126141	0.58672649
2.2135587	0.58606952
2.2145045	0.58565146
2.2154505	0.58535284
2.216398	0.58499455
2.2173457	0.58409864
2.2182946	0.58380002
2.2192442	0.58380002
2.2201948	0.58374029
2.2211459	0.58362085
2.2220981	0.58350146
2.2230508	0.58356112
2.2240045	0.58356112
2.2249589	0.58368057
2.2259145	0.58385974
2.2268705	0.58409864
2.2278273	0.58403891
2.228785	0.58421814
2.2297437	0.58427787
2.2307031	0.58403891
2.2316635	0.58374029
2.2326245	0.58380002
2.2335865	0.58397919
2.234549	0.58391947
2.2355127	0.58320278
2.2364771	0.58290416
2.2374425	0.58266526
2.2384083	0.58242643
2.2393754	0.58212775
2.2403431	0.58182919
2.2413118	0.58147079
2.2422812	0.58105272
2.243252	0.5807541
2.2442229	0.58081383
2.2451949	0.58015686
2.2461677	0.57973886
2.2471414	0.57955962
2.2481158	0.57890266
2.2490911	0.57830542
2.2500672	0.57812631
2.251044	0.57782763
2.2520218	0.57758874
2.2530005	0.57723039
2.2539799	0.57705122
2.2549605	0.57645398
2.2559416	0.57579702
2.2569239	0.57561785
2.2579067	0.57543874
2.2588909	0.5748415
2.2598755	0.57430393
2.2608612	0.57376647
2.2618475	0.57394558
2.2628348	0.57364696
2.263823	0.5733484
2.264812	0.57304978
2.2658017	0.57299
2.2667923	0.5727511
2.2677839	0.57209414
2.2687764	0.57203442
2.2697697	0.57203442
2.2707639	0.57185531
2.271759	0.57179558
2.2727549	0.5714969
2.2737517	0.5714969
2.2747495	0.57197469
2.275748	0.57185531
2.2767475	0.57155663
2.2777479	0.57173586
2.278749	0.57185531
2.2797511	0.57227331
2.2807541	0.5723331
2.2817578	0.57239282
2.282763	0.5727511
2.2837684	0.57293028
2.284775	0.57269144
2.2857823	0.57299
2.2867908	0.57304978
2.2877998	0.57263166
2.28881	0.57239282
2.2898209	0.57257193
2.2908323	0.57257193
2.2918451	0.57281083
2.2928588	0.57293028
2.2938731	0.57251227
2.2948887	0.57203442
2.2959049	0.57167614
2.2969222	0.57173586
2.2979403	0.57161635
2.2989597	0.57161635
2.2999794	0.57143718
2.3010006	0.57143718
2.3020222	0.57113862
2.303045	0.5710789
2.3040683	0.57095939
2.3050931	0.57083994
2.3061182	0.57066077
2.3071454	0.57060105
2.3081722	0.57083994
2.3092005	0.57078022
2.3102295	0.57042193
2.3112597	0.5702427
2.3122904	0.57006353
2.3133223	0.56982464
2.3143549	0.56976497
2.3153882	0.5693469
2.3164227	0.56898856
2.3174584	0.56868994
2.3184946	0.56839126
2.3195322	0.56821215
2.3205702	0.56827182
2.3216095	0.56761491
2.3226497	0.56713706
2.3236911	0.56695789
2.324733	0.56665933
2.3257761	0.5662412
2.3268199	0.56582314
2.3278646	0.56498706
2.3289104	0.56421059
2.3299572	0.56355363
2.3310046	0.56289673
2.3320534	0.56223977
2.3331029	0.5614633
2.3341534	0.56062722
2.3352048	0.56014937
2.3362572	0.5597313
2.3373103	0.55913407
2.3383648	0.55829793
2.3394198	0.55740213
2.340476	0.55644649
2.3415329	0.55543119
2.342591	0.55435622
2.3436501	0.55352008
2.3447101	0.5525645
2.3457711	0.55148947
2.346833	0.55047417
2.3478959	0.54951859
2.3489597	0.54814494
2.3500245	0.54683101
2.3510904	0.54575598
2.3521569	0.54450178
2.3532248	0.54288924
2.3542933	0.54139614
2.3553631	0.54008222
2.3564336	0.53858912
2.3575051	0.53691685
2.3585775	0.53572243
2.3596511	0.53399038
2.3607256	0.53255707
2.3618011	0.53142226
2.3628776	0.53046668
2.363955	0.52909303
2.3650334	0.52771944
2.3661137	0.52670407
2.3671939	0.52550966
2.3682754	0.52395684
2.3693576	0.52282202
2.3704412	0.52156782
2.3715253	0.52049285
2.3726108	0.51923859
2.373697	0.51774549
2.3747847	0.51607329
2.3758729	0.51446074
2.3769624	0.51314682
2.3780525	0.51165366
2.379144	0.5097425
2.3802361	0.50795078
2.3813298	0.50615907
2.3824239	0.50436741
2.3835192	0.5023368
2.3846154	0.50012702
2.3857129	0.49797693
2.3868113	0.495588
2.3879108	0.49343795
2.3890109	0.49122816
2.3901126	0.48895866
2.3912148	0.48656973
2.3923185	0.48382241
2.3934228	0.48161262
2.3945284	0.47952229
2.3956349	0.47719309
2.3967426	0.47480407
2.397851	0.47211656
2.3989608	0.46930951
2.4000711	0.46668172
2.4011834	0.46417329
2.4022958	0.46184406
2.4034097	0.45921618
2.4045243	0.45640922
2.4056404	0.45372161
2.4067569	0.45115349
2.4078751	0.44870481
2.4089937	0.44637561
2.4101133	0.44356859
2.4112341	0.44046295
2.4123564	0.43795457
2.4134791	0.43550584
2.4146035	0.43293774
2.4157286	0.43030989
2.4168549	0.4275029
2.4179819	0.42487502
2.4191108	0.42242637
2.4202399	0.42003742
2.4213705	0.41770819
2.4225018	0.41514006
2.4236345	0.41245246
2.424768	0.40988436
2.4259028	0.40743566
2.4270384	0.40510646
2.4281759	0.4028967
2.4293137	0.40038827
2.4304526	0.39799932
2.4315925	0.39555064
2.4327338	0.39304224
2.4338756	0.39065328
2.435019	0.38826433
2.4361632	0.38605458
2.4373078	0.38396427
2.4384544	0.38163501
2.4396017	0.3793655
2.4407504	0.37721545
2.4419	0.37512511
2.4430506	0.37291533
2.4442027	0.37064582
2.4453554	0.36843607
2.4465098	0.36628601
2.447665	0.36443454
2.4488211	0.36264282
2.4499784	0.36097059
2.4511368	0.35893995
2.4522963	0.35726771
2.4534569	0.35553572
2.4546185	0.35404262
2.4557815	0.35272869
2.4569452	0.35147449
2.4581103	0.35010085
2.4592764	0.34908554
2.4604435	0.34824941
2.4616117	0.34729382
2.4627812	0.34597993
2.4639518	0.34490487
2.4651229	0.34400901
2.4662957	0.3432326
2.4674697	0.34251592
2.4686446	0.34185895
2.4698207	0.34114227
2.4709978	0.3404853
2.4721763	0.33964917
2.4733558	0.33893248
2.4745364	0.3382158
2.4757183	0.33761859
2.4769011	0.33678243
2.478085	0.33618519
2.4792702	0.33570743
2.4804564	0.33528933
2.4816439	0.33493099
2.4828324	0.33493099
2.4840217	0.33493099
2.4852126	0.33499071
2.4864044	0.33511019
2.4875975	0.33534905
2.4887917	0.33564767
2.4899871	0.33612546
2.4911838	0.33654356
2.4923813	0.33660328
2.4935806	0.33702135
2.4947805	0.33761859
2.4959817	0.3382158
2.497184	0.33893248
2.4983873	0.33947003
2.4995921	0.33988807
2.5007977	0.34036586
2.5020049	0.34108254
2.5032129	0.34179923
2.5044224	0.34251592
2.5056329	0.34347153
2.5068443	0.3447257
2.5080571	0.34609935
2.5092711	0.3472341
2.5104864	0.34830913
2.5117025	0.34962305
2.5129199	0.35069811
2.5141385	0.35201198
2.5153584	0.35320649
2.5165794	0.35434124
2.5178018	0.35535654
2.5190251	0.35661075
2.5202496	0.35798439
2.5214756	0.35911915
2.5227027	0.35959691
2.5239308	0.36019418
2.5251603	0.36097059
2.5263908	0.36186644
2.5276225	0.36282203
2.5288556	0.36341926
2.5300899	0.36377761
2.5313251	0.36419567
2.532562	0.36479288
2.5337996	0.36580819
2.5350387	0.36604711
2.536279	0.36646515
2.5375204	0.36765963
2.538763	0.36885411
2.5400069	0.36951107
2.5412521	0.36951107
2.5424979	0.36921245
2.5437455	0.37022775
2.5449944	0.3716014
2.5462441	0.37213895
2.5474954	0.37213895
2.548748	0.37351254
2.5500016	0.37399039
2.5512564	0.37357232
2.5525131	0.37381116
2.5537705	0.37602097
2.5550292	0.37787238
2.556289	0.37858912
2.5575502	0.37906688
2.5588126	0.37864885
2.5600762	0.3758418
2.561341	0.37357232
2.5626073	0.37399039
2.5638747	0.37512511
2.5651433	0.37787238
2.5664132	0.38067943
2.5676842	0.38026136
2.5689566	0.37781268
2.5702302	0.37864885
2.5715053	0.38032109
2.5727808	0.37661821
2.5740583	0.37745434
2.5753372	0.37924609
2.576617	0.37799186
2.5778983	0.37966412
2.579181	0.38103777
2.5804646	0.37900719
2.5817497	0.37840992
2.5830364	0.3745279
2.5843241	0.37440842
2.585613	0.37745434
2.5869033	0.37608069
2.5881948	0.37673765
2.5894876	0.3782905
2.5907817	0.37930581
2.592077	0.37721545
2.5933733	0.36706242
2.5946712	0.35846218
2.5959706	0.36604711
2.5972712	0.37405008
2.598573	0.37625986
2.5998762	0.37494597
2.6011808	0.37231809
2.6024866	0.37028751
2.6037939	0.3665249
2.6051023	0.36204562
2.6064122	0.36329979
2.6077232	0.36544985
2.6090355	0.36485264
2.6103492	0.36479288
2.6116643	0.36479288
2.6129806	0.36324006
2.6142986	0.36222479
2.6156178	0.35661075
2.6169381	0.35266897
2.6182597	0.35434124
2.6195827	0.35022029
2.6209071	0.34986195
2.6222329	0.35368428
2.62356	0.35302731
2.6248877	0.34914526
2.6262174	0.3432326
2.6275485	0.34341177
2.628881	0.34036586
2.6302147	0.33427402
2.6315498	0.33642408
2.6328864	0.33678243
2.6342242	0.33493099
2.6355639	0.33487129
2.6369042	0.33319902
2.6382463	0.33110869
2.6395895	0.32889891
2.6409342	0.32656968
2.6422803	0.32424045
2.6436276	0.32226956
2.6449764	0.3186264
2.6463268	0.31689441
2.6476784	0.31671527
2.6490314	0.31540132
2.6503856	0.31241515
2.6517413	0.30811501
2.6530983	0.30620387
2.6544569	0.30500937
2.6558168	0.30315793
2.6571774	0.30220237
2.65854	0.29832032
2.6599042	0.29533413
2.6612697	0.29342297
2.6626365	0.29067567
2.6640048	0.28326991
2.6653745	0.27664056
2.6667454	0.27455026
2.6681182	0.27502805
2.6694922	0.26792088
2.6708674	0.26457638
2.6722443	0.26845843
2.6736224	0.26672643
2.6750021	0.26105267
2.676383	0.25514004
2.6777654	0.25239271
2.6791496	0.24964544
2.6805348	0.24904819
2.6819217	0.24624118
2.6833098	0.24164245
2.6846995	0.23782013
2.6860905	0.23405752
2.6874828	0.23041439
2.6888769	0.22659205
2.6902716	0.22235167
2.6916685	0.21703625
2.6930668	0.2098694
2.6944666	0.20503177
2.6958678	0.20210531
2.6972704	0.19899966
2.6986744	0.19481899
2.7000799	0.18932442
2.7014871	0.18394926
2.7028956	0.17994778
2.7043056	0.17516987
2.7057171	0.17003362
2.70713	0.16465849
2.7085443	0.15850694
2.7099602	0.15211649
2.7113776	0.14793582
2.7127967	0.14578576
2.7142169	0.14202318
2.7156389	0.13724525
2.7170622	0.13192986
2.718487	0.12625609
2.7199132	0.11956702
2.7213409	0.11568498
2.7227702	0.11210155
2.7242005	0.10642779
2.7256327	0.10266519
2.7270665	0.099201217
2.7285018	0.094602481
2.7299387	0.089884304
2.7313771	0.085225843
2.7328169	0.080029875
2.7342582	0.074296393
2.7357013	0.069817111
2.7371457	0.065994784
2.7385917	0.060679369
2.7400391	0.055782013
2.741488	0.052019417
2.7429385	0.049033228
2.7443907	0.045927595
2.7458441	0.042523336
2.747299	0.039298251
2.7487557	0.036550961
2.7502139	0.034162007
2.7516737	0.032131396
2.753135	0.030339684
2.7545979	0.028607694
2.7560623	0.027592389
2.7575283	0.027234046
2.7589962	0.026815981
2.7604654	0.026278466
2.7619359	0.025740951
2.7634082	0.025502058
2.7648821	0.025561782
2.7663574	0.025561782
2.7678344	0.025621505
2.7693131	0.025979849
2.7707932	0.026457638
2.772275	0.027174324
2.7737584	0.028070182
2.7752433	0.029145209
2.7767296	0.030160513
2.7782178	0.031175816
2.7797074	0.032310568
2.7811987	0.033684216
2.782691	0.034938414
2.7841854	0.036013447
2.7856815	0.036670405
2.7871792	0.037267644
2.7886784	0.038163498
2.7901793	0.038939908
2.7916818	0.039059356
2.7931859	0.038820464
2.794692	0.038163498
2.7961996	0.037148196
2.7977085	0.035834275
2.7992191	0.034460627
2.8007314	0.033146702
2.8022454	0.031952225
2.803761	0.03135499
2.8052781	0.031175816
2.806797	0.031116094
2.8083177	0.031295266
2.8098397	0.031534161
2.8113635	0.031952225
2.8128889	0.032489739
2.8144159	0.033086978
2.8159447	0.034162007
2.8174751	0.035416208
2.8190067	0.036670405
2.8205404	0.038103778
2.8220758	0.039835766
2.8236129	0.04144831
2.8251517	0.042821955
2.8266921	0.044195604
2.8282342	0.045628972
2.829778	0.046942901
2.8313241	0.048077647
2.8328712	0.049152676
2.83442	0.050108258
2.8359706	0.051183287
2.8375227	0.052079141
2.8390768	0.052795827
2.8406324	0.053572237
2.8421898	0.054527819
2.843749	0.055363949
2.84531	0.056020912
2.8468723	0.056618154
2.8484366	0.057036214
2.8500025	0.057394564
2.8515701	0.057752904
2.8531396	0.058230698
2.8547106	0.058648761
2.8562829	0.059066825
2.8578575	0.059484892
2.8594339	0.060082126
2.861012	0.060679369
2.8625917	0.061276611
2.8641732	0.061933562
2.8657565	0.062530808
2.8673415	0.063187763
2.8689287	0.064143352
2.870517	0.065039203
2.8721075	0.065636441
2.8736994	0.066353127
2.8752933	0.067129545
2.876889	0.067726776
2.8784864	0.068264291
2.8800855	0.068921253
2.8816857	0.069518492
2.8832886	0.069817111
2.8848929	0.070055999
2.8864994	0.070474073
2.8881073	0.070832416
2.8897173	0.071071304
2.8913291	0.071369924
2.8929424	0.07166855
2.8945582	0.071907438
2.8961751	0.072146334
2.897794	0.072265789
2.8994148	0.072444953
2.9010372	0.072683848
2.9026616	0.072982468
2.9042876	0.073340811
2.9059157	0.073519982
2.9075458	0.073699154
2.9091775	0.073758878
2.9108109	0.073818609
2.9124463	0.074057497
2.9140832	0.074296393
2.9157224	0.07441584
2.9173632	0.074595012
2.9190059	0.074833915
2.9206498	0.075072803
2.922296	0.075251974
2.9239442	0.075490862
2.9255943	0.075849213
2.9272463	0.076147832
2.9289	0.076147832
2.9305558	0.07626728
2.9322133	0.076326996
2.9338732	0.076625623
2.9355345	0.076983966
2.9371977	0.077163137
2.9388628	0.077402033
2.9405298	0.077581197
2.9421985	0.0778201
2.9438694	0.078118712
2.9455421	0.078596503
2.9472167	0.079193749
2.9488933	0.079910427
2.9505715	0.080627114
2.9522519	0.081104904
2.953934	0.081702143
2.9556181	0.082359105
2.9573042	0.083135515
2.9589922	0.084210537
2.9606814	0.085225843
2.9623733	0.085882813
2.964067	0.086659215
2.9657626	0.087555073
2.9674604	0.088391207
2.9691598	0.089346781
2.9708614	0.090242647
2.9725649	0.090899602
2.9742706	0.091735736
2.9759779	0.092332974
2.9776874	0.092989936
2.9793985	0.093587182
2.9811118	0.09412469
2.9828272	0.094542749
2.9845443	0.095139995
2.9862635	0.095737241
2.9879854	0.096334472
2.9897087	0.096692815
2.9914336	0.096991427
2.993161	0.09764839
2.99489	0.098365083
2.9966211	0.098902591
2.9983544	0.09955956
3.0000894	0.10003735
3.001826	0.10051513
3.0035653	0.1011721
3.0053065	0.10182907
3.0070496	0.10254575
3.0087948	0.1032027
3.0105422	0.10379994
3.0122914	0.10457635
3.0140429	0.10535277
3.0157964	0.10595001
3.0175517	0.10660697
3.0193093	0.10738337
3.0210688	0.10821951
3.0228302	0.10905564
3.0245938	0.10965288
3.0263596	0.11030982
3.0281272	0.11114597
3.0298975	0.11192238
3.0316694	0.11269879
3.0334435	0.11365437
3.0352194	0.11443078
3.0369976	0.11526691
3.0387776	0.11610304
3.04056	0.11670028
3.0423443	0.1172378
3.0441301	0.11801421
3.0459187	0.11873088
3.0477092	0.11932813
3.0495021	0.11998508
3.0512969	0.12064205
3.0530939	0.12123928
3.054893	0.12183652
3.0566943	0.12243377
3.0584979	0.12303101
3.0603034	0.12362825
3.0621109	0.12398658
3.0639207	0.12446438
3.0657327	0.12488244
3.0675466	0.12506162
3.0693629	0.12518106
3.0711813	0.12494216
3.0730011	0.12458383
3.0748239	0.12422548
3.0766487	0.12380742
3.0784757	0.12356852
3.0803049	0.12332962
3.0821362	0.12356852
3.0839698	0.12416575
3.0858054	0.12488244
3.0876439	0.12589775
3.0894837	0.12697276
3.0913262	0.12810753
3.0931706	0.12924227
3.0950172	0.13037702
3.0968661	0.13127288
3.0987172	0.13192986
3.1005704	0.13252708
3.1024263	0.13318405
3.104284	0.13360211
3.106144	0.13396044
3.1080062	0.13443825
3.1098707	0.13479659
3.1117373	0.13533412
3.1136062	0.13628969
3.1154773	0.13742442
3.1173501	0.13873836
3.1192257	0.14035089
3.1211035	0.1423218
3.1229837	0.14429267
3.1248662	0.14644273
3.1267509	0.14877196
3.128638	0.15110119
3.1305273	0.15349014
3.1324193	0.15599854
3.1343131	0.15856665
3.1362092	0.16107506
3.1381078	0.16346401
3.1400084	0.16603212
3.1419115	0.16836135
3.1438167	0.1706906
3.1457245	0.17313926
3.1476347	0.17552821
3.1495469	0.17767827
3.1514616	0.17982833
3.1533785	0.18215755
3.1552978	0.1845465
3.1572194	0.18687573
3.1591434	0.18920496
3.1610696	0.1915939
3.162998	0.19398285
3.1649289	0.19619267
3.1668622	0.19840243
3.168798	0.2006122
3.1707361	0.20276226
3.1726766	0.20497204
3.1746194	0.20712209
3.1765647	0.20909299
3.1785126	0.21106388
3.1804626	0.21309447
3.182415	0.21518481
3.1843698	0.21709597
3.186327	0.21900715
3.1882865	0.22073911
3.1902485	0.22253083
3.1922131	0.22444199
3.19418	0.22635317
3.1961493	0.22814485
3.1981211	0.22981714
3.2000952	0.23160885
3.2020719	0.23352002
3.2040508	0.23531173
3.2060323	0.236984
3.2080164	0.2387757
3.2100022	0.24062714
3.2119911	0.2422397
3.2139823	0.24397166
3.215976	0.24570367
3.2179723	0.24761485
3.2199712	0.24946629
3.2219722	0.25131771
3.2239761	0.2531094
3.2259824	0.25472197
3.2279911	0.25633448
3.2300024	0.25806651
3.2320161	0.2597985
3.2340324	0.26147074
3.2360511	0.26302356
3.2380724	0.26469582
3.2400961	0.26654726
3.2421229	0.26827922
3.2441516	0.27007097
3.2461832	0.27168351
3.2482171	0.27341551
3.2502534	0.27514747
3.2522926	0.27676004
3.2543342	0.27825314
3.2563784	0.27992541
3.2584248	0.28153795
3.2604742	0.28309077
3.262526	0.28476301
3.2645805	0.28643528
3.2666376	0.28816727
3.2686973	0.28983954
3.2707596	0.29139239
3.2728245	0.29288545
3.2748921	0.29443827
3.2769623	0.29599109
3.2790351	0.29754391
3.2811103	0.29915646
3.2831883	0.30070928
3.2852688	0.30214265
3.2873521	0.30339685
3.289438	0.30471078
3.2915258	0.30602467
3.293617	0.3072789
3.2957108	0.30829421
3.2978072	0.30942896
3.2999065	0.31062344
3.3020084	0.31163874
3.3041129	0.31247485
3.3062201	0.31343043
3.3083303	0.31438601
3.3104429	0.31522217
3.3125582	0.31605828
3.314676	0.31665555
3.3167968	0.31713331
3.3189204	0.31767085
3.3210464	0.31808889
3.3231752	0.31844723
3.3253074	0.31874585
3.3274417	0.31910419
3.3295789	0.31952229
3.3317187	0.31982088
3.3338614	0.32029867
3.3360066	0.32077646
3.3381548	0.32125425
3.3403056	0.32179177
3.3424585	0.32244873
3.344615	0.32304594
3.3467741	0.32364321
3.3489361	0.32430017
3.3511009	0.32471824
3.3532684	0.32501686
3.3554389	0.32519603
3.3576121	0.32495713
3.3597887	0.32418072
3.3619676	0.32304594
3.3641491	0.32155287
3.3663337	0.31964171
3.368521	0.31779027
3.3707113	0.31623745
3.3729043	0.3151027
3.3751001	0.31444573
3.3772995	0.31432629
3.3795011	0.31462491
3.3817058	0.31569993
3.383913	0.31725276
3.3861232	0.31904447
3.3883364	0.32077646
3.3905525	0.32238901
3.3927715	0.32394183
3.3949924	0.32555434
3.3972173	0.3266294
3.3994448	0.32716691
3.4016755	0.32734609
3.403909	0.32752526
3.4061456	0.32782388
3.408385	0.32824194
3.4106274	0.32907808
3.4128728	0.33051145
3.4151211	0.33236289
3.4173725	0.33463237
3.4196265	0.33749911
3.4218838	0.3404853
3.424144	0.34335205
3.4264071	0.34639797
3.4286733	0.34932443
3.4309425	0.35195228
3.4332149	0.35428151
3.4354899	0.35678992
3.4377682	0.35929832
3.4400494	0.36168727
3.4423335	0.36407623
3.4446208	0.36628601
3.4469111	0.36813745
3.449204	0.36986941
3.4515004	0.3716014
3.4537997	0.37309453
3.4561024	0.37464735
3.4584079	0.37625986
3.4607165	0.37775296
3.4630284	0.37900719
3.4653432	0.37984329
3.4676619	0.37990299
3.4699829	0.37912658
3.472307	0.37793216
3.4746342	0.37691683
3.4769647	0.37655848
3.4792981	0.37739462
3.4816349	0.37906688
3.4839747	0.38115722
3.4863167	0.38342673
3.488663	0.38575596
3.4910121	0.38808519
3.4933646	0.39059356
3.4957201	0.39286307
3.4980791	0.39483398
3.5004408	0.39686456
3.5028062	0.39901462
3.5051751	0.40104523
3.5075467	0.40301612
3.5099213	0.40492728
3.5122993	0.40707734
3.5146806	0.4094663
3.517065	0.41197473
3.5194528	0.4144831
3.5218437	0.41693175
3.5242381	0.4195596
3.5266356	0.42212775
3.5290363	0.42451668
3.5314403	0.42678621
3.5338476	0.42911544
3.536258	0.43126547
3.538672	0.43329608
3.5410891	0.43520728
3.5435085	0.43711838
3.5459323	0.4390893
3.5483594	0.44094077
3.5507898	0.44261301
3.5532234	0.44422555
3.5556605	0.44607699
3.5581009	0.4478687
3.5605447	0.4494215
3.5629921	0.45079517
3.5654426	0.4521091
3.5678964	0.45354247
3.5703535	0.45497578
3.5728142	0.45628971
3.5752783	0.45730507
3.5777457	0.45832035
3.5802164	0.4592759
3.5826914	0.46029124
3.5851691	0.46112737
3.5876501	0.46178427
3.5901346	0.46268019
3.5926225	0.46351635
3.595114	0.46423301
3.5976088	0.4649497
3.6001072	0.46572608
3.6026084	0.46632335
3.6051137	0.46692058
3.6076224	0.46745807
3.6101346	0.46811503
3.6126504	0.46865255
3.6151698	0.46913037
3.6176925	0.46960819
3.620219	0.47014564
3.6227491	0.47086233
3.6252825	0.47151929
3.6278193	0.47205684
3.6303599	0.47259435
3.6329038	0.47295266
3.6354516	0.47331104
3.6380026	0.4737888
3.6405575	0.47420684
3.6431165	0.47468469
3.6456785	0.47504303
3.6482441	0.47546107
3.6508133	0.4760583
3.6533861	0.47683471
3.6559625	0.47761112
3.6585426	0.47820836
3.6611264	0.47874588
3.6637127	0.47958201
3.6663036	0.4802987
3.6688983	0.48107511
3.6714969	0.48179179
3.6740987	0.48250848
3.6767046	0.48328489
3.6793139	0.48406136
3.6819272	0.48477799
3.6845443	0.4855544
3.687165	0.48656973
3.6897893	0.48758501
3.6924174	0.48842117
3.695049	0.48937669
3.6976848	0.49045175
3.7003241	0.49158654
3.7029672	0.49278098
3.7056146	0.49385604
3.7082653	0.49481153
3.7109196	0.49570745
3.713578	0.49654362
3.7162399	0.49731997
3.7189059	0.49809638
3.7215757	0.49875334
3.7242491	0.49935061
3.7269256	0.49994785
3.7296069	0.50054502
3.7322919	0.50102282
3.7349808	0.50144094
3.7376738	0.50179923
3.7403705	0.50215763
3.7430711	0.50245625
3.7457757	0.50281459
3.7484846	0.50299376
3.7511971	0.50305349
3.7539134	0.50299376
3.7566335	0.50293404
3.7593577	0.50263542
3.7620859	0.5020979
3.764818	0.50138122
3.767554	0.50042558
3.770293	0.49899226
3.7730372	0.49726024
3.7757852	0.49564773
3.778537	0.49445322
3.7812932	0.49319905
3.7840533	0.49188513
3.7868173	0.49081013
3.7895856	0.49003366
3.7923579	0.4895559
3.7951343	0.4894962
3.7979145	0.48973507
3.800699	0.49021289
3.8034875	0.49104896
3.8062801	0.4920643
3.8090768	0.49307957
3.8118775	0.49421436
3.8146832	0.49534908
3.8174922	0.49642414
3.8203053	0.49749914
3.8231227	0.49851441
3.8259442	0.49929088
3.8287699	0.50000757
3.8315997	0.5004853
3.8344338	0.50078398
3.837271	0.50102282
3.8401134	0.50114226
3.8429599	0.50120199
3.8458109	0.50120199
3.848666	0.50096315
3.8515253	0.5008437
3.8543887	0.50042558
3.8572567	0.49994785
3.8601296	0.49935061
3.8630059	0.4985742
3.8658867	0.49773806
3.8687716	0.49720052
3.8716609	0.49684221
3.8745544	0.49684221
3.8774524	0.49696165
3.8803546	0.4970811
3.8832617	0.49714082
3.8861728	0.4970811
3.8890882	0.49684221
3.8920078	0.49648383
3.894932	0.49594632
3.8978605	0.4954088
3.9007933	0.49475181
3.9037306	0.49421436
3.9066718	0.49349767
3.9096179	0.49266154
3.9125686	0.49176565
3.9155238	0.49081013
3.9184833	0.4895559
3.9214473	0.48830169
3.9244158	0.48728636
3.9273889	0.48662946
3.9303668	0.48627108
3.9333489	0.48633081
3.9363356	0.48627108
3.9393268	0.48579332
3.9423223	0.48489743
3.9453225	0.48376271
3.9483273	0.48238903
3.9513369	0.48101538
3.9543512	0.47940287
3.9573698	0.47802919
3.960393	0.47683471
3.9634209	0.47569999
3.9664533	0.47462499
3.9694903	0.473968
3.972532	0.47372907
3.9755785	0.47402772
3.9786289	0.47468469
3.9816847	0.47528195
3.984745	0.47552076
3.9878104	0.47552076
3.9908803	0.47504303
3.9939549	0.47432634
3.9970343	0.47360966
4.0001183	0.47295266
4.0032082	0.47223598
4.0063019	0.47175819
4.0094004	0.47128043
4.0125036	0.47098184
4.0156116	0.47074291
4.0187244	0.47050396
4.021842	0.47020537
4.0249648	0.46990678
4.028091	0.46960819
4.0312233	0.46942896
4.0343604	0.46913037
4.0375023	0.46877199
4.0406489	0.46841368
4.0438008	0.46799558
4.046958	0.46727896
4.0501194	0.46644276
4.0532866	0.46548721
4.056458	0.46459135
4.0596347	0.46351635
4.0628161	0.46232188
4.0660028	0.46100792
4.0691943	0.45957455
4.0723906	0.4580217
4.0755925	0.45646894
4.0787992	0.45497578
4.0820107	0.45330355
4.0852275	0.45163128
4.0884495	0.44989926
4.0916762	0.4478687
4.0949082	0.44583806
4.0981455	0.4439269
4.1013875	0.44201577
4.1046343	0.43986571
4.1078868	0.43771565
4.1111441	0.43556562
4.1144071	0.43335581
4.1176748	0.43108627
4.1209483	0.42881683
4.1242266	0.42642787
4.1275101	0.42403889
4.1307993	0.42159021
4.1340938	0.4193207
4.137393	0.41693175
4.1406975	0.41454282
4.1440077	0.41215384
4.1473227	0.40982464
4.1506433	0.40731627
4.1539693	0.40486756
4.1573014	0.40235916
4.1606379	0.39985079
4.16398	0.39716321
4.1673269	0.39435616
4.1706796	0.39136997
4.1740379	0.38826433
4.1774011	0.38497955
4.1807699	0.38163501
4.1841431	0.37805158
4.1875229	0.37428901
4.190908	0.37028751
4.1942987	0.36622629
4.1976953	0.36216506
4.2010965	0.35792464
4.204504	0.35362455
4.2079167	0.34932443
4.2113357	0.34502435
4.2147593	0.34066451
4.2181888	0.33624494
4.2216239	0.3318851
4.2250643	0.32752526
4.2285104	0.32310569
4.2319622	0.31874585
4.2354198	0.31432629
4.2388835	0.30990675
4.242352	0.30548719
4.2458267	0.30112734
4.2493072	0.29664806
4.2527928	0.29228821
4.2562842	0.28786865
4.2597818	0.28332967
4.2632847	0.27902955
4.2667923	0.27508777
4.2703071	0.27162379
4.2738276	0.26851818
4.2773538	0.26565143
4.2808857	0.26302356
4.2844238	0.2606346
4.2879677	0.25824568
4.2915173	0.25591645
4.2950735	0.25364694
4.298635	0.25143713
4.3022022	0.24946629
4.3057756	0.24749538
4.3093548	0.24552448
4.3129401	0.24337444
4.3165312	0.24116464
4.3201284	0.23883544
4.3237324	0.23644648
4.3273416	0.23411725
4.3309565	0.2319672
4.3345776	0.22981714
4.3382049	0.22766708
4.3418384	0.22569621
4.3454776	0.22390449
4.3491235	0.22223221
4.3527737	0.22050023
4.3564315	0.21888769
4.3600955	0.21727514
4.3637652	0.21572231
4.3674417	0.21428895
4.3711243	0.21279585
4.3748131	0.21142222
4.3785081	0.21004857
4.3822103	0.20861518
4.3859177	0.20730126
4.3896313	0.20604706
4.3933511	0.20491232
4.3970776	0.20377758
4.4008102	0.20282198
4.4045491	0.20192614
4.4082947	0.20103027
4.412045	0.2000747
4.415803	0.19899966
4.4195676	0.19792463
4.4233384	0.19673017
4.4271159	0.19541624
4.4308996	0.19392313
4.43469	0.19248977
4.4384871	0.19099668
4.4422908	0.18944384
4.4461007	0.1877716
4.4499168	0.1858007
4.4537401	0.18371038
4.4575696	0.18162003
4.4614058	0.17935054
4.4652486	0.17678241
4.4690976	0.17397539
4.4729543	0.17110865
4.4768167	0.16836135
4.4806862	0.16603212
4.4845624	0.1639418
4.4884448	0.16220981
4.4923344	0.16083616
4.4962306	0.15982085
4.5001335	0.15922362
4.5040426	0.15886527
4.5079594	0.15862638
4.5118828	0.15844721
4.5158129	0.15844721
4.5197501	0.15886527
4.523694	0.15964168
4.5276446	0.16053756
4.5316024	0.16167228
4.5355678	0.16304596
4.5395393	0.16453904
4.5435181	0.16633075
4.5475035	0.1682419
4.551496	0.17015308
4.5554957	0.17194478
4.5595021	0.17391568
4.5635157	0.17600599
4.5675368	0.17827551
4.5715647	0.18030612
4.5755997	0.18197837
4.5796418	0.18317285
4.5836911	0.18377009
4.5877471	0.18359092
4.5918107	0.18287423
4.5958815	0.18197837
4.5999584	0.18090336
4.604044	0.17988804
4.6081362	0.17887273
4.612236	0.17755882
4.616343	0.17582683
4.6204576	0.17403512
4.6245794	0.17218368
4.6287084	0.17015308
4.6328454	0.16800301
4.6369891	0.16579324
4.6411405	0.16364318
4.6452994	0.16161259
4.6494656	0.15988058
4.6536388	0.15844721
4.6578202	0.15713328
4.6620088	0.15575963
4.6662059	0.154386
4.6704097	0.15307207
4.6746206	0.15199704
4.6788397	0.1511609
4.6830664	0.15044422
4.6873007	0.14984699
4.6915426	0.14972752
4.6957922	0.15002616
4.7000484	0.15092202
4.7043133	0.15247484
4.7085862	0.15450543
4.7128668	0.15677494
4.717155	0.15916389
4.7214513	0.16125423
4.7257552	0.16298622
4.7300668	0.16441959
4.7343879	0.16561407
4.7387152	0.16680853
4.7430506	0.16818218
4.7473941	0.16961557
4.7517457	0.17110865
4.7561049	0.17266148
4.7604723	0.17439346
4.7648478	0.17588656
4.7692318	0.17690186
4.7736235	0.1774991
4.7780232	0.17833522
4.7824311	0.18018666
4.7868466	0.18394926
4.7912707	0.18974246
4.7957029	0.19720796
4.8001437	0.20539011
4.8045907	0.21333337
4.8090477	0.22079886
4.8135128	0.22766708
4.8179865	0.23405752
4.8224683	0.23991045
4.8269582	0.24516615
4.8314571	0.24958569
4.8359637	0.25346774
4.8404803	0.25681227
4.8450041	0.2597985
4.8495364	0.26248604
4.8540773	0.26469582
4.8586264	0.26672643
4.8631845	0.26851818
4.8677506	0.26995152
4.8723259	0.27120572
4.8769083	0.27234045
4.8815002	0.27323633
4.8861008	0.27395302
4.8907104	0.27460998
4.8953285	0.27514747
4.8999557	0.27574474
4.9045911	0.27646142
4.909236	0.27711838
4.9138899	0.27771559
4.9185519	0.27831286
4.923223	0.27879065
4.9279027	0.27914897
4.9325914	0.27938789
4.9372892	0.27980596
4.9419956	0.27998513
4.9467115	0.27974623
4.951437	0.27885035
4.9561706	0.27687949
4.9609137	0.27455026
4.9656653	0.27293772
4.9704261	0.27305716
4.9751964	0.27556556
4.9799757	0.280224
4.9847641	0.28637555
4.9895606	0.29234794
4.9943671	0.29760364
4.9991837	0.30190375
5.0040088	0.30548719
5.0088439	0.30853307
5.0136881	0.31098178
5.0185413	0.31289291
5.0234041	0.31516245
5.0282774	0.31749165
5.0331593	0.31958202
5.0380507	0.32143345
5.0429511	0.32316542
5.0478616	0.32489741
5.0527816	0.32650995
5.0577111	0.32800305
5.0626502	0.32961556
5.0675998	0.33104897
5.0725584	0.33248231
5.0775266	0.33361706
5.0825043	0.33463237
5.087492	0.33630466
5.0924897	0.33785746
5.097497	0.33911169
5.1025143	0.34036586
5.1075401	0.34162009
5.112577	0.34263536
5.1176243	0.34359095
5.1226811	0.3447257
5.127748	0.34574103
5.1328249	0.34651741
5.1379123	0.34717441
5.1430092	0.34753275
5.1481171	0.34801051
5.1532345	0.3497425
5.1583619	0.35111615
5.1634998	0.35225093
5.1686478	0.35314676
5.1738062	0.35404262
5.1789751	0.35505792
5.184154	0.3560732
5.1893444	0.35678992
5.1945438	0.35726771
5.1997542	0.3575066
5.2049747	0.35852188
5.210206	0.35822326
5.2154474	0.35864136
5.2206998	0.3604928
5.2259626	0.36120948
5.2312346	0.36132893
5.2365189	0.36132893
5.2418137	0.36174697
5.2471189	0.36216506
5.2524352	0.36222479
5.2577624	0.36216506
5.2631001	0.36186644
5.2684488	0.36144835
5.273809	0.36073166
5.2791796	0.36043304
5.2845607	0.35995528
5.2899532	0.35846218
5.2953568	0.35822326
5.3007712	0.35846218
5.3061967	0.35792464
5.3116336	0.35744688
5.3170795	0.35684964
5.3225384	0.3560732
5.3280087	0.35511765
5.3334904	0.35434124
5.3389831	0.35320649
5.3444872	0.35057864
5.3500028	0.34759244
5.3555293	0.34765214
5.3610692	0.34765214
5.3666191	0.34633827
5.37218	0.34436736
5.3777528	0.34227705
5.3833375	0.33988807
5.3889332	0.33755887
5.3945408	0.33475184
5.4001603	0.33182538
5.4057918	0.32842109
5.4114347	0.32477796
5.417089	0.31928337
5.4227557	0.31462491
5.4284339	0.31474435
5.434124	0.31372905
5.439826	0.31104147
5.44554	0.30883169
5.4512644	0.30715942
5.4570026	0.30488995
5.4627528	0.30166486
5.4685154	0.30124676
5.4742899	0.30082873
5.4800768	0.29993287
5.4858756	0.300769
5.4916868	0.30064955
5.4975119	0.2997537
5.5033479	0.29891756
5.5091963	0.29838005
5.5150576	0.29706612
5.5209308	0.29539385
5.5268164	0.294498
5.5327148	0.29372159
5.5386262	0.29234794
5.5445509	0.29019788
5.550487	0.28739089
5.5564361	0.28536025
5.562398	0.2841658
5.5683727	0.28231436
5.5743604	0.27813369
5.5803604	0.27508777
5.5863738	0.27544612
5.5923977	0.27466971
5.5984373	0.2724002
5.6044893	0.27096683
5.6105552	0.27001128
5.6166334	0.26857787
5.6227255	0.26821953
5.6288304	0.26726395
5.6349487	0.2643972
5.6410818	0.26033598
5.6472268	0.26081377
5.6533852	0.26033598
5.6595569	0.25955957
5.6657424	0.25836512
5.6719413	0.2541247
5.6781535	0.25119826
5.6843796	0.24940653
5.6906204	0.24540506
5.6968741	0.24235913
5.7031412	0.23716317
5.7094221	0.22945879
5.7157168	0.22384477
5.7220259	0.21846962
5.7283483	0.21207918
5.7346849	0.20515122
5.7410331	0.1983427
5.7473979	0.19219115
5.7537766	0.18884662
5.76017	0.18287423
5.7665772	0.17672269
5.7729988	0.17731993
5.7794347	0.17726019
5.7858849	0.17612547
5.7923512	0.17493097
5.7988305	0.17361705
5.8053241	0.17284065
5.811832	0.17134754
5.8183551	0.16752523
5.8248925	0.16674881
5.8314447	0.16830164
5.8380117	0.16871969
5.8445945	0.16722661
5.851191	0.16376263
5.8578029	0.15856665
5.864429	0.15301234
5.8710709	0.14709969
5.877727	0.13694665
5.8843989	0.12966034
5.8910856	0.12356852
5.8977852	0.11490857
5.9045024	0.10899591
5.9112349	0.10141099
5.9179831	0.093408011
5.9247465	0.086718939
5.9315252	0.080447942
5.9383197	0.077461757
5.9451299	0.079552092
5.9519572	0.082060486
5.9587984	0.084927224
5.9656553	0.086778663
5.9725285	0.089705132
5.9794173	0.092153803
5.9863219	0.092631593
5.9932423	0.09334828
6.0001788	0.094184414
6.0071297	0.092930213
6.0140982	0.09072043
6.0210834	0.088868998
6.0280848	0.086420327
6.0351024	0.082538284
6.0421362	0.076446451
6.0491862	0.070294902
6.0562534	0.068264291
6.0633373	0.064860038
6.0704374	0.059066825
6.0775537	0.054348648
6.0846872	0.050347149
6.0918374	0.045509528
6.0990043	0.0406719
6.1061878	0.035535652
6.1133885	0.030698027
6.1206079	0.027353495
6.1278424	0.024725648
6.1350942	0.022276973
6.1423635	0.020724155
6.1496496	0.020246364
6.1569533	0.020485258
6.1642742	0.021560289
6.1716127	0.023172829
6.1789665	0.024486754
6.1863399	0.026457638
6.1937308	0.02968272
6.2011395	0.033146702
6.2085662	0.036730129
6.2160106	0.040612176
6.2234726	0.044852566
6.2309527	0.049033228
6.238452	0.053213894
6.2459679	0.057454284
6.2535024	0.061575226
6.261055	0.065397553
6.2686257	0.069100425
6.2762151	0.072743572
6.2838225	0.076326996
6.2914486	0.079611808
6.2990947	0.082956344
6.3067579	0.086002253
6.3144398	0.08916761
6.3221402	0.092034362
6.3298597	0.094662212
6.3375978	0.09579695
6.345355	0.097767845
6.3531313	0.1024263
6.3609242	0.10529304
6.3687387	0.10660697
6.3765721	0.10965288
6.3844252	0.1124599
6.3922973	0.11455023
6.4001889	0.11538637
6.4081001	0.11281823
6.4160309	0.11317658
6.4239826	0.11819338
6.431953	0.12094068
6.4399428	0.12321018
6.4479527	0.12470327
6.4559822	0.1257783
6.4640322	0.12649499
6.4721022	0.12613665
6.4801922	0.12541996
6.4883046	0.12368795
6.4964356	0.12470327
6.5045867	0.12918256
6.5127583	0.13037702
6.5209503	0.12983951
6.5291634	0.13169095
6.5373969	0.13264655
6.545651	0.13240764
6.5539231	0.13240764
6.5622191	0.13270625
6.5705361	0.13175069
6.5788746	0.13378128
6.587234	0.13575217
6.5956144	0.1370661
6.6040168	0.1388578
6.6124401	0.13945504
6.6208863	0.13939533
6.629353	0.13676748
6.6378412	0.13509521
6.6463513	0.13891754
6.6548829	0.14166483
6.6634369	0.14082868
6.6720128	0.1388578
6.6806107	0.13694665
6.6892328	0.13700637
6.6978755	0.13628969
6.7065401	0.1330646
6.7152276	0.13073537
6.723937	0.12989925
6.7326698	0.12936173
6.7414246	0.12822697
6.7502027	0.12661444
6.7590008	0.1253005
6.7678242	0.12338935
6.7766714	0.12135874
6.7855411	0.11896978
6.7944345	0.11819338
6.8033509	0.11902951
6.8122911	0.118492
6.8212547	0.11676001
6.8302436	0.1159836
6.8392544	0.11592387
6.848289	0.11389326
6.8573475	0.10989177
6.8664303	0.10827922
6.8755369	0.10959315
6.8846679	0.10887646
6.8938227	0.10744309
6.9029989	0.10577083
6.9122028	0.10505414
6.9214315	0.10451663
6.9306846	0.10374022
6.9399629	0.10284436
6.9492655	0.10105266
6.9585934	0.098305352
6.9679465	0.097947016
6.9773269	0.097947016
6.9867301	0.097349778
6.9961591	0.097051151
7.0056133	0.097051151
7.0150933	0.096334472
7.0245986	0.095498338
7.0341301	0.094244137
7.0436873	0.092392705
7.0532722	0.092094086
7.0628819	0.092153803
7.0725174	0.091317676
7.0821791	0.090003751
7.0918674	0.088570379
7.1015825	0.087137006
7.1113243	0.08564391
7.1210923	0.08444944
7.1308832	0.083553575
7.1407056	0.082060486
7.1505547	0.080686837
7.1604309	0.079432636
7.1703348	0.07793954
7.1802659	0.077043682
7.1902246	0.075789481
7.200211	0.073997773
7.210228	0.072564408
7.2202702	0.071847722
7.23034	0.070892133
7.2404385	0.069817111
7.2505651	0.068503186
7.2607198	0.067308709
7.2709031	0.06593506
7.2811151	0.064621136
7.2913575	0.063307218
7.3016272	0.061814126
7.3119259	0.060321026
7.3222532	0.058827933
7.3326101	0.056976497
7.3429961	0.055423677
7.3534117	0.0542292
7.3638568	0.052915275
7.3743277	0.051481903
7.3848329	0.050048534
7.3953671	0.048615161
7.4059319	0.04730124
7.4165273	0.045987315
7.4271526	0.044613671
7.4378085	0.043299746
7.4484949	0.041985825
7.4592152	0.040552452
7.4699631	0.039238527
7.4807425	0.038044054
7.4915524	0.036789853
7.5023942	0.035475932
7.513267	0.034341183
7.5241718	0.033086978
7.5351081	0.031773057
7.5460782	0.03045913
7.5570784	0.029324381
7.5681105	0.028129905
7.579175	0.026935428
7.5902719	0.025740951
7.6014013	0.024665924
7.6125636	0.02347145
7.6237588	0.022336695
7.6349821	0.021201946
7.6462431	0.02018664
7.6575375	0.019171337
7.6688652	0.018156031
7.6802268	0.017140727
7.6916218	0.016185146
7.7030506	0.015169842
7.7145133	0.01451288
7.7260127	0.013855919
7.7375441	0.013139233
7.7491097	0.012482271
7.7607102	0.01182531
7.7723455	0.011168348
7.7840157	0.010750282
7.7957211	0.010272492
7.8074613	0.0099738725
7.8192339	0.0096752541
7.8310452	0.0094960826
7.8428926	0.0094363578
7.8547754	0.0094960826
7.8666949	0.0095558064
7.8786502	0.0097947009
7.8906422	0.010212768
7.9026704	0.010750282
7.9147372	0.01134752
7.9268394	0.012183653
7.9389782	0.013019785
7.9511547	0.014154539
7.9633684	0.015408737
7.9756198	0.016961556
7.9879088	0.018633822
8.0002356	0.020604707
8.0126038	0.022993658
8.0250072	0.025979849
8.0374498	0.029384103
8.0499296	0.033266149
8.0624495	0.037924606
8.0750074	0.043478921
8.0876055	0.049630467
8.1002417	0.056498699
8.1129141	0.064023897
8.1256304	0.072206058
8.1383867	0.080746561
8.1511831	0.089466237
8.1640196	0.097887285
8.1768961	0.10535277
8.1898146	0.11114597
8.2027731	0.11544607
8.2157736	0.11926841
8.2288151	0.12404631
8.2418976	0.12977979
8.2550211	0.13461742
8.2681875	0.13748416
8.281395	0.13915643
8.2946453	0.14124677
8.3079386	0.14488991
8.3212767	0.15002616
8.3346548	0.15641659
8.3480768	0.16388206
8.3615408	0.17116837
8.3750496	0.1772005
8.3886013	0.1815006
8.4021969	0.18436734
8.4158373	0.18657711
8.4295158	0.18812993
8.4432449	0.1890855
8.4570189	0.18944384
8.4708366	0.19027999
8.4847012	0.19308701
8.4986105	0.19708851
8.5125656	0.20025386
8.5265665	0.20180669
8.540616	0.20109001
8.5547094	0.19774547
8.5688496	0.19320646
8.5830364	0.1910564
8.59727	0.1935648
8.6115513	0.19792463
8.6258802	0.2008511
8.6402569	0.20132889
8.6546841	0.1990594
8.6691561	0.19332589
8.6836777	0.18418817
8.6982479	0.17343788
8.7128668	0.16400152
8.7275343	0.15605825
8.7422523	0.14721914
8.75702	0.13640913
8.7718325	0.12518106
8.7866993	0.11562525
8.8016176	0.10899591
8.8165865	0.1049347
8.8316059	0.1024263
8.8466768	0.10087347
8.8617992	0.10027624
8.8769741	0.10039569
8.8922033	0.10105266
8.9074821	0.10230684
8.9228134	0.10397911
8.9381971	0.10589028
8.9536343	0.10726392
8.9691257	0.10714447
8.9846697	0.10487498
9.000268	0.10081376
9.0159235	0.095319167
9.0316315	0.089585684
9.0473928	0.084867507
9.0632105	0.082478546
9.0790825	0.08301606
9.0950108	0.086061977
9.1109953	0.090660706
9.1270351	0.095319167
9.1431274	0.099081762
9.1592817	0.10200823
9.1754923	0.10362078
9.191761	0.10332216
9.2080879	0.1011721
9.224472	0.098484531
9.2409153	0.096274748
9.2574167	0.094841376
9.2739801	0.094184414
9.2906008	0.094184414
9.3072805	0.094244137
9.3240204	0.094542749
9.3408203	0.095020548
9.3576803	0.095498338
9.3746023	0.09567751
9.3915854	0.095856681
9.4086237	0.095916413
9.4257298	0.095737241
9.4428988	0.095498338
9.4601307	0.095378891
9.4774246	0.095319167
9.4947834	0.095617786
9.5122042	0.096394196
9.5296898	0.097230323
9.5472441	0.097827561
9.5648584	0.098365083
9.5825386	0.098544255
9.6002836	0.098305352
9.6180954	0.097827561
9.635973	0.097469226
9.6539164	0.097290054
9.6719275	0.096931718
9.6900091	0.09657336
9.7081556	0.096155293
9.7263699	0.095259443
9.7446527	0.094244137
9.7630043	0.092512146
9.7814245	0.089884304
9.7999153	0.085882813
9.8184757	0.07979098
9.837101	0.072385237
9.8558025	0.066472575
9.8745756	0.063128047
9.8934202	0.060380749
9.9123363	0.059604339
9.9313259	0.063008592
9.950388	0.069339313
9.9695234	0.07626728
9.9887362	0.08212021
10.008019	0.085942529
10.027377	0.088391207
10.04681	0.090003751
10.066319	0.091257945
10.085902	0.09227325
10.105563	0.092810772
10.1253	0.092989936
10.145119	0.093228832
10.165011	0.093646906
10.184982	0.094244137
10.205031	0.094960824
10.22516	0.095558055
10.245367	0.095916413
10.265656	0.096155293
10.286023	0.09645392
10.306466	0.09645392
10.326997	0.096692815
10.34761	0.097051151
10.368304	0.097290054
10.389083	0.097349778
10.409945	0.09764839
10.43089	0.097708121
10.45192	0.097827561
10.473039	0.09812618
10.49424	0.09812618
10.515526	0.097947016
10.536899	0.097827561
10.558359	0.097767845
10.579906	0.097767845
10.601542	0.097827561
10.623267	0.097588666
10.645084	0.097409494
10.666988	0.097469226
10.688982	0.097349778
10.711066	0.097290054
10.733243	0.097230323
10.755511	0.09687198
10.777872	0.096692815
10.800325	0.096633092
10.822865	0.096513644
10.845508	0.096155293
10.868244	0.09579695
10.891077	0.09567751
10.914005	0.095319167
10.937031	0.095080271
10.960154	0.094602481
10.983374	0.09412469
11.006698	0.09382607
11.030116	0.093587182
11.053635	0.093288556
11.077253	0.092930213
11.100973	0.092691317
11.124795	0.092392705
11.14872	0.092094086
11.172747	0.091676019
11.196871	0.091377392
11.221107	0.091138504
11.245447	0.090839885
11.269894	0.090481542
11.294447	0.089884304
11.319107	0.08952596
11.343875	0.089406513
11.368752	0.08904817
11.393744	0.08874955
11.418839	0.088450931
11.444047	0.088032864
11.469365	0.087555073
11.494797	0.086957842
11.52034	0.086420327
11.545999	0.086002253
11.571771	0.08564391
11.597663	0.085225843
11.623667	0.08456888
11.649787	0.08409109
11.676025	0.083553575
11.702382	0.083254963
11.728858	0.083314687
11.755454	0.083493851
11.782171	0.08367303
11.809002	0.083254963
11.835962	0.082657717
11.863048	0.082359105
11.890256	0.082538284
11.91759	0.082598001
11.94505	0.082299381
11.972636	0.08212021
12.000351	0.081941031
12.028198	0.081582695
12.056171	0.081284076
12.084274	0.080985457
12.112508	0.080686837
12.140875	0.080268778
12.169374	0.079850703
12.198009	0.079313189
12.226777	0.078835398
12.255688	0.078656226
12.28473	0.078178443
12.31391	0.077640928
12.343228	0.077103414
12.372687	0.076685347
12.402287	0.076386727
12.432029	0.07596866
12.461913	0.075610317
12.491931	0.07519225
12.522105	0.074893631
12.552425	0.074535288
12.582892	0.074057497
12.613507	0.073579706
12.644272	0.073281087
12.675187	0.072982468
12.706254	0.072444953
12.737479	0.072026893
12.768852	0.071728267
12.80038	0.071369924
12.832064	0.070892133
12.863906	0.070354618
12.895905	0.070055999
12.928064	0.069817111
12.960384	0.069339313
12.992874	0.068622626
13.025519	0.067846224
13.05833	0.066890642
13.091305	0.066233687
13.124448	0.065636441
13.157759	0.064740583
13.191238	0.063785009
13.22489	0.062769704
13.258701	0.061694674
13.292698	0.06091826
13.326869	0.06044047
13.361217	0.059843235
13.395742	0.059246
13.430446	0.058827933
13.46533	0.058051519
13.500397	0.057215389
13.535651	0.056558426
13.571085	0.056020912
13.606705	0.055125058
13.642511	0.0542292
13.678508	0.053213894
13.714694	0.052079141
13.751073	0.051123563
13.787644	0.050347149
13.82442	0.049630467
13.861383	0.048674889
13.898545	0.047480412
13.935907	0.045987315
13.97347	0.044673391
14.011236	0.043598365
14.049208	0.042762235
14.087384	0.041926101
14.125755	0.040731624
14.16435	0.039477427
14.203156	0.037864882
14.242176	0.036371786
14.281411	0.035177309
14.320862	0.034162007
14.360532	0.032788359
14.400422	0.031534161
14.440542	0.030339684
14.48088	0.029264657
14.521442	0.028547971
14.562233	0.027950732
14.603253	0.028010456
14.644506	0.028846592
14.685991	0.029861895
14.727713	0.03135499
14.76966	0.034400903
14.811859	0.039417699
14.8543	0.045390081
14.896984	0.050167982
14.939916	0.053333342
14.983094	0.059186276
15.026524	0.067368433
15.070205	0.074176945
15.11415	0.078297883
15.158343	0.080149323
15.202796	0.078895122
15.24751	0.074893631
15.292488	0.070294902
15.337732	0.066592023
15.383245	0.063366935
15.429028	0.060261305
15.475092	0.057215389
15.521424	0.054288924
15.568036	0.051541634
15.614927	0.048376273
15.662103	0.044792842
15.709563	0.041030243
15.757313	0.036730129
15.805353	0.032728635
15.853672	0.029921617
15.902304	0.028966038
15.951234	0.029204935
16.000465	0.028846592
16.050003	0.027592389
16.099848	0.025740951
16.150003	0.024247857
16.200472	0.024068687
16.251265	0.024785371
16.30237	0.026278466
16.353796	0.028129905
16.405548	0.030041063
16.45763	0.032609187
16.510042	0.036969025
16.56279	0.043717813
16.615877	0.053034723
16.669313	0.062829427
16.723085	0.069876827
16.777206	0.071429648
16.831676	0.068801805
16.886503	0.065576717
16.941689	0.062889151
16.997234	0.060321026
17.053146	0.058648761
17.109409	0.057334833
17.166063	0.056080636
17.223093	0.055005606
17.280504	0.054468092
17.338299	0.054109756
17.396481	0.053631961
17.455055	0.053154171
17.514025	0.052795827
17.573404	0.052437488
17.633179	0.051959697
17.693359	0.051541634
17.753954	0.051481903
17.814964	0.050466601
17.876394	0.048973508
17.938251	0.048495714
18.000536	0.047719307
18.063269	0.046763722
18.126427	0.046465106
18.190027	0.045748424
18.254078	0.045091458
18.318579	0.044195604
18.383539	0.043001126
18.448961	0.042583063
18.514851	0.042344168
18.58119	0.041746926
18.648029	0.041149691
18.715351	0.040134389
18.783159	0.039417699
18.851461	0.039357979
18.920263	0.038820464
18.989569	0.037566263
19.059383	0.036849577
19.129725	0.03643151
19.200575	0.036252338
19.271952	0.035953719
19.343863	0.03529676
19.416311	0.034281455
19.489305	0.034042556
19.562849	0.033624493
19.636951	0.033445321
19.711594	0.033564772
19.786827	0.033027254
19.862638	0.033309527
19.939034	0.0343564
20.016018	0.03407089
20.093599	0.032738507
20.171785	0.031406127
20.250582	0.030835105
20.330009	0.030264087
20.410049	0.029122043
20.490723	0.029597893
20.572035	0.031025445
20.653994	0.030359257
20.73661	0.030073743
20.819889	0.030454427
20.903841	0.030454427
20.988487	0.029788233
21.073807	0.030644765
21.159821	0.032167487
21.246542	0.033309527
21.333977	0.032167487
21.422132	0.031786807
21.511023	0.031025445
21.600651	0.029788233
21.691	0.029407557
21.782139	0.031406127
21.874046	0.033214357
21.966734	0.032452997
22.060209	0.033499867
22.154484	0.03397572
22.249567	0.033499867
22.34547	0.032928847
22.442221	0.032262657
22.539797	0.032072313
22.638224	0.031977147
22.737514	0.030549595
22.837679	0.030835105
22.93873	0.031691637
23.04068	0.031501297
23.143541	0.031977147
23.247343	0.031977147
23.35206	0.030835105
23.457727	0.030454427
23.564352	0.033024017
23.671953	0.033880547
23.78054	0.033119187
23.890127	0.032357823
24.000731	0.030930275
24.112324	0.031406127
24.224998	0.033880547
24.338732	0.030644765
24.453537	0.027884835
24.569429	0.030739935
24.686426	0.033499867
24.804543	0.033119187
24.923796	0.032262657
25.044222	0.031977147
25.165796	0.031691637
25.288555	0.032833677
25.412519	0.0343564
25.537704	0.033309527
25.664127	0.032167487
25.791811	0.031215785
25.920769	0.032167487
26.051052	0.03426123
26.182623	0.03492742
26.315529	0.03483225
26.449793	0.034166057
26.585432	0.033880547
26.722471	0.03426123
26.860929	0.033499867
27.00083	0.033119187
27.142149	0.032643337
27.285002	0.030644765
27.429367	0.031691637
27.575268	0.03407089
27.722729	0.033880547
27.871777	0.032357823
28.022434	0.031310957
28.17473	0.031120615
28.328716	0.030739935
28.484369	0.031501297
28.641743	0.032072313
28.800863	0.033024017
28.961761	0.03454674
29.124468	0.03407089
29.289013	0.032357823
29.455427	0.032072313
29.623777	0.032452997
29.794029	0.03397572
29.966249	0.03559361
30.140471	0.03654531
30.316732	0.03702116
30.495066	0.038258374
30.67551	0.039400414
30.858103	0.041589323
31.04282	0.044825107
31.229824	0.04691885
31.419096	0.04967878
31.610676	0.053580757
31.804607	0.056721371
32.000931	0.057387557
32.199696	0.059766814
32.400944	0.06347844
32.604759	0.066238374
32.811115	0.068427287
33.020103	0.07213892
33.231773	0.0772781
33.446171	0.080989741
33.663353	0.084511027
33.883377	0.08708062
34.106293	0.089840554
34.332088	0.093837701
34.560966	0.0995479
34.792919	0.10516294
35.028008	0.10725668
35.266293	0.10906491
35.507843	0.11458477
35.752724	0.12010464
36.001007	0.12581486
36.252811	0.13123953
36.508114	0.134856
36.767036	0.14113723
37.029659	0.14637157
37.296059	0.14941703
37.566319	0.15255764
37.840527	0.15474656
38.118767	0.15531757
38.40118	0.15474656
38.687756	0.15293831
38.978642	0.15255764
39.273933	0.15246247
39.573734	0.15607893
39.878147	0.16074225
40.187283	0.16026641
40.501244	0.16140845
40.820042	0.16559595
41.144012	0.16940275
41.473164	0.17121096
41.807625	0.17263852
42.147522	0.17454192
42.492992	0.17311437
42.844173	0.16911723
43.20121	0.16768968
43.564312	0.16293117
43.933502	0.15779199
44.309002	0.15769683
44.690975	0.15617409
45.079594	0.15036872
45.475029	0.14561021
45.87746	0.14399232
46.287083	0.14227927
46.704159	0.14189859
47.128742	0.14246961
47.561119	0.14180343
48.001499	0.13771111
48.450111	0.13266709
48.907188	0.1333333
49.372971	0.13514152
49.847713	0.13618837
50.331509	0.13780628
50.824955	0.13771111
51.328171	0.13799661
51.841454	0.13761593
52.365105	0.13599804
52.899441	0.13476083
53.444794	0.13514152
54.001511	0.13523668
54.570061	0.13181056
55.150593	0.12733756
55.74361	0.13019267
56.349518	0.13361879
56.968742	0.13656907
57.60173	0.13571253
58.24894	0.13409466
58.910862	0.13447532
59.588123	0.13599804
60.28101	0.13609321
60.9902	0.13542703
61.716274	0.13656907
62.459846	0.13923381
63.221554	0.14094688
64.002068	0.14094688
64.802094	0.13990001
65.622093	0.13571253
66.463402	0.13009749
67.326561	0.13418981
68.21244	0.1367594
69.121933	0.13142988
70.056015	0.12514865
71.015686	0.12429213
72.002014	0.12343559
73.016319	0.12257906
74.05941	0.11648817
75.132736	0.10963594
76.237625	0.10468709
77.375504	0.10116579
78.547859	0.098310694
79.756294	0.098025188
81.002487	0.099072047
82.28849	0.10268851
83.61573	0.10268851
84.986481	0.10916008
86.402931	0.11962879
87.867393	0.11848674
89.382355	0.11582199
90.95047	0.14104205
92.574593	0.14637157
94.25721	0.12448246
96.002708	0.12362593
97.814079	0.12467281
99.695114	0.12295974
101.64992	0.11696403
103.68291	0.11391859
105.79889	0.11782056
108.00303	0.11506062
110.30139	0.11011179
112.69925	0.11420409
115.20368	0.12153219
117.82195	0.12866995
120.562	0.12752791
123.43254	0.12771824
126.44309	0.12886028
129.60419	0.1374256
132.92625	0.13352363
136.42429	0.13771111
140.11142	0.14846532
144.00337	0.13923381
148.11772	0.12752791
152.47411	0.13533185
157.0945	0.13761593
162.00366	0.14741845
167.23055	0.14618124
172.80489	0.12429213
178.76367	0.10002375
185.14809	0.086414441
192.0054	0.084891714
199.39021	0.063573614
207.36581	0.12324525
216.00604	0.20109439
